data	total	rss	dirty
2016-08-17-13-59-43	18488	1476	244
2016-08-17-13-59-44	358704	341840	340560
2016-08-17-13-59-45	503772	486908	485628
2016-08-17-13-59-46	650028	633164	631884
2016-08-17-13-59-47	793512	776648	775368
2016-08-17-13-59-48	938052	921188	919908
2016-08-17-13-59-49	1082724	1065860	1064580
2016-08-17-13-59-50	1227264	1210400	1209120
2016-08-17-13-59-51	1372200	1355336	1354056
2016-08-17-13-59-52	1516608	1499744	1498464
2016-08-17-13-59-53	1655836	1638972	1637692
2016-08-17-13-59-54	1795228	1778364	1777084
2016-08-17-13-59-55	1931980	1915116	1913836
2016-08-17-13-59-56	2071240	2054376	2053096
2016-08-17-13-59-57	2209708	2192844	2191564
2016-08-17-13-59-58	2348836	2331972	2330692
2016-08-17-13-59-59	2437176	2420228	2418912
2016-08-17-14-00-00	2437176	2420228	2418912
2016-08-17-14-00-01	2437176	2420228	2418912
2016-08-17-14-00-02	2437176	2420228	2418912
2016-08-17-14-00-04	2437176	2420228	2418912
2016-08-17-14-00-05	2437176	2420228	2418912
2016-08-17-14-00-06	2437176	2420228	2418912
2016-08-17-14-00-07	2437176	2420228	2418912
2016-08-17-14-00-08	2437176	2420228	2418912
2016-08-17-14-00-09	2437176	2420228	2418912
2016-08-17-14-00-10	2437176	2420228	2418912
2016-08-17-14-00-11	2437176	2420228	2418912
2016-08-17-14-00-12	2437176	2420228	2418912
2016-08-17-14-00-13	2437176	2420228	2418912
2016-08-17-14-00-14	2437176	2420228	2418912
2016-08-17-14-00-15	2437176	2420228	2418912
2016-08-17-14-00-16	2437176	2420228	2418912
2016-08-17-14-00-17	2437176	2420264	2418916
2016-08-17-14-00-18	2437176	2420264	2418916
2016-08-17-14-00-19	2437176	2420264	2418916
2016-08-17-14-00-20	2437176	2420264	2418916
2016-08-17-14-00-21	2437176	2420264	2418916
2016-08-17-14-00-22	2437176	2420264	2418916
2016-08-17-14-00-23	2437176	2420264	2418916
2016-08-17-14-00-24	2437176	2420264	2418916
2016-08-17-14-00-25	2437176	2420264	2418916
2016-08-17-14-00-26	2437176	2420264	2418916
2016-08-17-14-00-27	2437176	2420264	2418916
2016-08-17-14-00-28	2437144	2420232	2418884
2016-08-17-14-00-29	2323720	2306924	2305576
2016-08-17-14-00-30	1291700	1274920	1273560
2016-08-17-14-00-31	1291700	1274920	1273560
2016-08-17-14-00-32	1291700	1274920	1273560
2016-08-17-14-00-33	1291700	1274920	1273560
2016-08-17-14-00-34	1319420	1302640	1301280
2016-08-17-14-00-35	1336052	1319204	1317844
2016-08-17-14-00-36	1336052	1319204	1317844
2016-08-17-14-00-37	1336052	1319204	1317844
2016-08-17-14-00-38	1598200	1475500	1474140
2016-08-17-14-00-40	1598200	1549228	1547868
2016-08-17-14-00-41	1923968	1649732	1648372
2016-08-17-14-00-42	4336088	2415916	2414552
2016-08-17-14-00-43	4491584	4272704	4271340
2016-08-17-14-00-44	5044664	4825784	4824420
2016-08-17-14-00-45	7242832	5236116	5234692
2016-08-17-14-00-46	7487592	5331576	5330152
2016-08-17-14-00-47	7354912	5448176	5446752
2016-08-17-14-00-48	7496624	5568516	5567092
2016-08-17-14-00-49	7380224	5688236	5686812
2016-08-17-14-00-50	7448952	5802300	5800876
2016-08-17-14-00-51	7317016	5894836	5893412
2016-08-17-14-00-52	7407248	5999720	5998296
2016-08-17-14-00-53	7357816	6103848	6102424
2016-08-17-14-00-54	7341092	6208076	6206652
2016-08-17-14-00-55	7305632	6307300	6305876
2016-08-17-14-00-56	7347504	6391588	6390164
2016-08-17-14-00-57	7308040	6482240	6480816
2016-08-17-14-00-58	7275332	6591768	6590340
2016-08-17-14-00-59	7452476	6768912	6767484
2016-08-17-14-01-00	7705652	7022088	7020660
2016-08-17-14-01-01	7922260	7239668	7238240
2016-08-17-14-01-03	7932012	7246156	7244728
2016-08-17-14-01-04	7931904	7254116	7252688
2016-08-17-14-01-05	7922644	7261876	7260448
2016-08-17-14-01-06	7931544	7269340	7267912
2016-08-17-14-01-07	7923028	7276440	7275012
2016-08-17-14-01-08	7931244	7283812	7282384
2016-08-17-14-01-09	7923280	7291372	7289944
2016-08-17-14-01-10	7923408	7299464	7298036
2016-08-17-14-01-11	7923540	7307004	7305576
2016-08-17-14-01-12	7930472	7312740	7311312
2016-08-17-14-01-14	7930796	7321108	7319680
2016-08-17-14-01-15	7972904	7363216	7361788
2016-08-17-14-01-16	8035736	7426048	7424620
2016-08-17-14-01-17	8099624	7489936	7488508
2016-08-17-14-01-18	8117664	7509868	7508440
2016-08-17-14-01-19	8117864	7527016	7525588
2016-08-17-14-01-20	8117636	7541420	7539992
2016-08-17-14-01-21	8125844	7558216	7556788
2016-08-17-14-01-22	8124692	7573500	7572072
2016-08-17-14-01-24	8117100	7588040	7586612
2016-08-17-14-01-25	8119436	7603516	7602088
2016-08-17-14-01-26	8116840	7618656	7617228
2016-08-17-14-01-27	8116332	7632824	7631396
2016-08-17-14-01-28	8117140	7646480	7645052
2016-08-17-14-01-29	8146324	7679976	7678548
2016-08-17-14-01-30	8192260	7725912	7724484
2016-08-17-14-01-31	8270668	7804320	7802892
2016-08-17-14-01-32	8337060	7871288	7869860
2016-08-17-14-01-33	8337192	7875324	7873896
2016-08-17-14-01-34	8403020	7879040	7877612
2016-08-17-14-01-35	9058132	7882348	7880920
2016-08-17-14-01-36	9844648	7884340	7882912
2016-08-17-14-01-38	9844648	7886324	7884896
2016-08-17-14-01-39	9844648	7889132	7887704
2016-08-17-14-01-40	9844776	7892312	7890884
2016-08-17-14-01-41	9844776	7896076	7894648
2016-08-17-14-01-42	9844776	7899364	7897936
2016-08-17-14-01-43	9844904	7902592	7901164
2016-08-17-14-01-44	9844904	7904224	7902796
2016-08-17-14-01-45	9880280	7939680	7938252
2016-08-17-14-01-46	9937172	7996572	7995144
2016-08-17-14-01-47	9995780	8055180	8053752
2016-08-17-14-01-48	10008580	8069344	8067916
2016-08-17-14-01-49	10008580	8072064	8070636
2016-08-17-14-01-50	10008580	8074848	8073420
2016-08-17-14-01-51	10072620	8077784	8076356
2016-08-17-14-01-53	10008708	8081064	8079636
2016-08-17-14-01-54	10008708	8084072	8082644
2016-08-17-14-01-55	10008708	8086676	8085248
2016-08-17-14-01-56	10008836	8089720	8088292
2016-08-17-14-01-57	10008836	8092488	8091060
2016-08-17-14-01-58	10008836	8095272	8093844
2016-08-17-14-01-59	10008964	8097060	8095632
2016-08-17-14-02-00	10021240	8109460	8108032
2016-08-17-14-02-01	10051600	8139820	8138392
2016-08-17-14-02-02	10082620	8170840	8169412
2016-08-17-14-02-03	10088168	8177472	8176044
2016-08-17-14-02-04	10088168	8179404	8177976
2016-08-17-14-02-06	10088296	8182188	8180760
2016-08-17-14-02-07	10088296	8185136	8183708
2016-08-17-14-02-08	10088296	8189092	8187664
2016-08-17-14-02-09	10088424	8192984	8191556
2016-08-17-14-02-10	10088424	8197284	8195856
2016-08-17-14-02-11	10088548	8201736	8200308
2016-08-17-14-02-12	10088552	8206168	8204740
2016-08-17-14-02-13	10088552	8209596	8208168
2016-08-17-14-02-14	10088552	8212372	8210944
2016-08-17-14-02-15	10101092	8225012	8223584
2016-08-17-14-02-16	10117460	8241380	8239952
2016-08-17-14-02-17	10127888	8252460	8251032
2016-08-17-14-02-18	10128016	8254736	8253308
2016-08-17-14-02-19	10128016	8256844	8255416
2016-08-17-14-02-21	10128144	8259112	8257684
2016-08-17-14-02-22	10128144	8261168	8259740
2016-08-17-14-02-23	10128272	8263280	8261852
2016-08-17-14-02-24	10128272	8265084	8263656
2016-08-17-14-02-25	10128400	8266832	8265404
2016-08-17-14-02-26	10128400	8268716	8267288
2016-08-17-14-02-27	10128400	8270628	8269200
2016-08-17-14-02-28	10128528	8272416	8270988
2016-08-17-14-02-29	10131828	8276060	8274632
2016-08-17-14-02-30	10152816	8297048	8295620
2016-08-17-14-02-31	10176180	8320412	8318984
2016-08-17-14-02-32	10184096	8330340	8328912
2016-08-17-14-02-33	10184224	8334992	8333564
2016-08-17-14-02-35	10245060	8338944	8337516
2016-08-17-14-02-36	10245136	8342972	8341544
2016-08-17-14-02-37	10244424	8347356	8345928
2016-08-17-14-02-38	10184608	8351452	8350024
2016-08-17-14-02-39	10243876	8355252	8353824
2016-08-17-14-02-41	10184860	8359652	8358224
2016-08-17-14-02-42	10184992	8363644	8362216
2016-08-17-14-02-43	10185120	8366892	8365464
2016-08-17-14-02-44	10187492	8371600	8370172
2016-08-17-14-02-45	10204520	8388628	8387200
2016-08-17-14-02-46	10221416	8405524	8404096
2016-08-17-14-02-47	10240028	8424056	8422628
2016-08-17-14-02-48	10240816	8428952	8427524
2016-08-17-14-02-49	10241072	8436124	8434696
2016-08-17-14-02-50	10241328	8442856	8441428
2016-08-17-14-02-52	10241452	8449712	8448284
2016-08-17-14-02-53	10299648	8456872	8455444
2016-08-17-14-02-54	10241840	8463972	8462544
2016-08-17-14-02-55	10242092	8471452	8470024
2016-08-17-14-02-56	10300808	8478516	8477088
2016-08-17-14-02-57	10242608	8485064	8483636
2016-08-17-14-02-58	10355348	8491836	8490408
2016-08-17-14-03-00	10299056	8499588	8498160
2016-08-17-14-03-01	10243500	8506712	8505284
2016-08-17-14-03-02	10243628	8509952	8508524
2016-08-17-14-03-03	10258148	8524704	8523276
2016-08-17-14-03-04	10293920	8560476	8559048
2016-08-17-14-03-05	10328900	8595456	8594028
2016-08-17-14-03-06	10364408	8630964	8629536
2016-08-17-14-03-07	10365068	8635716	8634288
2016-08-17-14-03-08	10365192	8641316	8639888
2016-08-17-14-03-09	10418920	8646632	8645204
2016-08-17-14-03-10	10365580	8652316	8650888
2016-08-17-14-03-11	10365836	8657408	8655980
2016-08-17-14-03-12	10365964	8662868	8661440
2016-08-17-14-03-13	10366348	8668012	8666584
2016-08-17-14-03-15	10366476	8672980	8671552
2016-08-17-14-03-16	10418560	8677500	8676072
2016-08-17-14-03-17	10366860	8682532	8681104
2016-08-17-14-03-18	10367112	8687772	8686344
2016-08-17-14-03-19	10367248	8691804	8690376
2016-08-17-14-03-20	10367248	8693480	8692052
2016-08-17-14-03-21	10394704	8720980	8719552
2016-08-17-14-03-22	10430872	8757148	8755720
2016-08-17-14-03-23	10468096	8794372	8792944
2016-08-17-14-03-24	10485520	8812804	8811376
2016-08-17-14-03-25	10485644	8815788	8814360
2016-08-17-14-03-26	10485644	8818604	8817176
2016-08-17-14-03-27	10485768	8820916	8819488
2016-08-17-14-03-29	10589528	8823296	8821868
2016-08-17-14-03-30	10485896	8825956	8824528
2016-08-17-14-03-31	10486024	8828756	8827328
2016-08-17-14-03-32	10486024	8831404	8829976
2016-08-17-14-03-33	10486152	8833888	8832460
2016-08-17-14-03-34	10486280	8836352	8834924
2016-08-17-14-03-35	10486408	8838652	8837224
2016-08-17-14-03-36	10486408	8841320	8839892
2016-08-17-14-03-37	10486536	8843048	8841620
2016-08-17-14-03-38	10490100	8847616	8846188
2016-08-17-14-03-39	10507524	8865072	8863644
2016-08-17-14-03-40	10530624	8888172	8886744
2016-08-17-14-03-41	10553856	8911404	8909976
2016-08-17-14-03-42	10555440	8913948	8912520
2016-08-17-14-03-43	10555568	8915488	8914060
2016-08-17-14-03-45	10555564	8916972	8915544
2016-08-17-14-03-46	10555696	8918616	8917188
2016-08-17-14-03-47	10555696	8920076	8918648
2016-08-17-14-03-48	10555824	8921760	8920332
2016-08-17-14-03-49	10555824	8923376	8921948
2016-08-17-14-03-50	10555956	8925376	8923948
2016-08-17-14-03-51	10555956	8926868	8925440
2016-08-17-14-03-52	10556084	8928424	8926996
2016-08-17-14-03-54	10556212	8929944	8928516
2016-08-17-14-03-55	10556212	8930864	8929436
2016-08-17-14-03-56	10560964	8935892	8934464
2016-08-17-14-03-57	10573372	8948300	8946872
2016-08-17-14-03-58	10588024	8962952	8961524
2016-08-17-14-03-59	10601752	8976684	8975256
2016-08-17-14-04-00	10601752	8978232	8976804
2016-08-17-14-04-01	10601880	8980252	8978824
2016-08-17-14-04-02	10601880	8982268	8980840
2016-08-17-14-04-03	10601880	8984456	8983028
2016-08-17-14-04-04	10602008	8986552	8985124
2016-08-17-14-04-05	10602008	8988508	8987080
2016-08-17-14-04-07	10602140	8990764	8989336
2016-08-17-14-04-08	10602140	8993092	8991664
2016-08-17-14-04-09	10602268	8995060	8993632
2016-08-17-14-04-10	10602396	8997084	8995656
2016-08-17-14-04-11	10602396	8999320	8997892
2016-08-17-14-04-12	10602524	9001032	8999604
2016-08-17-14-04-13	10602524	9001704	9000276
2016-08-17-14-04-14	10605824	9005060	9003632
2016-08-17-14-04-15	10614008	9013244	9011816
2016-08-17-14-04-17	10626020	9025256	9023828
2016-08-17-14-04-18	10638032	9037176	9035748
2016-08-17-14-04-19	10639484	9040056	9038628
2016-08-17-14-04-20	10639616	9042636	9041208
2016-08-17-14-04-21	10639744	9045244	9043816
2016-08-17-14-04-22	10639744	9048372	9046944
2016-08-17-14-04-23	10639868	9051180	9049752
2016-08-17-14-04-24	10690924	9054372	9052944
2016-08-17-14-04-25	10640004	9057436	9056008
2016-08-17-14-04-26	10640132	9060616	9059188
2016-08-17-14-04-27	10640260	9063428	9062000
2016-08-17-14-04-29	10640388	9066764	9065336
2016-08-17-14-04-30	10640520	9070456	9069028
2016-08-17-14-04-31	10640648	9074556	9073128
2016-08-17-14-04-32	10640776	9077184	9075756
2016-08-17-14-04-33	10640776	9080536	9079108
2016-08-17-14-04-34	10640776	9081244	9079816
2016-08-17-14-04-35	10654504	9095036	9093608
2016-08-17-14-04-36	10672060	9112592	9111164
2016-08-17-14-04-37	10689088	9129620	9128192
2016-08-17-14-04-38	10697800	9138716	9137288
2016-08-17-14-04-39	10697928	9140032	9138604
2016-08-17-14-04-40	10697928	9141416	9139988
2016-08-17-14-04-41	10697928	9142632	9141204
2016-08-17-14-04-43	10697928	9144340	9142912
2016-08-17-14-04-44	10698056	9146120	9144692
2016-08-17-14-04-45	10698056	9147840	9146412
2016-08-17-14-04-46	10698052	9149284	9147856
2016-08-17-14-04-47	10698184	9150500	9149072
2016-08-17-14-04-48	10698184	9151448	9150020
2016-08-17-14-04-49	10698312	9152784	9151356
2016-08-17-14-04-50	10698312	9154096	9152668
2016-08-17-14-04-51	10698440	9155208	9153780
2016-08-17-14-04-52	10699100	9156132	9154704
2016-08-17-14-04-53	10709396	9166428	9165000
2016-08-17-14-04-54	10728140	9185172	9183744
2016-08-17-14-04-55	10746752	9203784	9202356
2016-08-17-14-04-56	10754936	9212236	9210808
2016-08-17-14-04-57	10754936	9212740	9211312
2016-08-17-14-04-59	10754936	9213424	9211996
2016-08-17-14-05-00	10754936	9213940	9212512
2016-08-17-14-05-01	10754936	9214884	9213456
2016-08-17-14-05-02	10755064	9215696	9214268
2016-08-17-14-05-03	10755064	9216452	9215024
2016-08-17-14-05-04	10755064	9217260	9215832
2016-08-17-14-05-05	10755064	9217944	9216516
2016-08-17-14-05-06	10755192	9218908	9217480
2016-08-17-14-05-07	10755192	9219788	9218360
2016-08-17-14-05-08	10755316	9220428	9219000
2016-08-17-14-05-09	10755316	9220740	9219312
2016-08-17-14-05-10	10755316	9220796	9219368
2016-08-17-14-05-11	10757428	9223100	9221672
2016-08-17-14-05-12	10765084	9230756	9229328
2016-08-17-14-05-14	10772740	9238412	9236984
2016-08-17-14-05-15	10776828	9242548	9241120
2016-08-17-14-05-16	10776828	9243144	9241716
2016-08-17-14-05-17	10776828	9243480	9242052
2016-08-17-14-05-18	10776828	9243864	9242436
2016-08-17-14-05-19	10821772	9244480	9243052
2016-08-17-14-05-20	10776828	9245216	9243788
2016-08-17-14-05-21	10776828	9245880	9244452
2016-08-17-14-05-23	10776828	9246512	9245084
2016-08-17-14-05-24	10776956	9247232	9245804
2016-08-17-14-05-25	10776956	9247864	9246436
2016-08-17-14-05-26	10776956	9248556	9247128
2016-08-17-14-05-27	10776956	9248960	9247532
2016-08-17-14-05-28	10776956	9249116	9247688
2016-08-17-14-05-29	10779200	9251360	9249932
2016-08-17-14-05-30	10784480	9256636	9255208
2016-08-17-14-05-31	10789364	9261484	9260056
2016-08-17-14-05-32	10790816	9263200	9261772
2016-08-17-14-05-33	10790816	9263668	9262240
2016-08-17-14-05-34	10790816	9264184	9262756
2016-08-17-14-05-35	10790816	9264760	9263332
2016-08-17-14-05-37	10790816	9265444	9264016
2016-08-17-14-05-38	10790816	9266116	9264688
2016-08-17-14-05-39	10790944	9266648	9265220
2016-08-17-14-05-40	10790944	9267156	9265728
2016-08-17-14-05-41	10790944	9267728	9266300
2016-08-17-14-05-42	10790944	9268148	9266720
2016-08-17-14-05-43	10791072	9268848	9267420
2016-08-17-14-05-44	10791072	9269384	9267956
2016-08-17-14-05-45	10791072	9269540	9268112
2016-08-17-14-05-46	10791072	9269568	9268140
2016-08-17-14-05-47	10792656	9271268	9269840
2016-08-17-14-05-48	10796088	9274700	9273272
2016-08-17-14-05-49	10798992	9277604	9276176
2016-08-17-14-05-50	10802028	9280572	9279144
2016-08-17-14-05-51	10802952	9281728	9280300
2016-08-17-14-05-53	10802952	9282284	9280856
2016-08-17-14-05-54	10803080	9282632	9281204
2016-08-17-14-05-55	10803080	9283120	9281692
2016-08-17-14-05-56	10803080	9283680	9282252
2016-08-17-14-05-57	10803080	9284160	9282732
2016-08-17-14-05-58	10803080	9284792	9283364
2016-08-17-14-05-59	10803080	9285260	9283832
2016-08-17-14-06-00	10803080	9285648	9284220
2016-08-17-14-06-01	10803080	9286108	9284680
2016-08-17-14-06-02	10803204	9286616	9285188
2016-08-17-14-06-03	10803204	9287052	9285624
2016-08-17-14-06-04	10803204	9287540	9286112
2016-08-17-14-06-05	10803204	9287568	9286140
2016-08-17-14-06-07	10805316	9289712	9288284
2016-08-17-14-06-08	10808352	9292744	9291316
2016-08-17-14-06-09	10811388	9295776	9294348
2016-08-17-14-06-10	10814292	9298568	9297140
2016-08-17-14-06-11	10814688	9299184	9297756
2016-08-17-14-06-12	10814688	9299564	9298136
2016-08-17-14-06-13	10814688	9299740	9298312
2016-08-17-14-06-14	10814688	9300276	9298848
2016-08-17-14-06-16	10814688	9300800	9299372
2016-08-17-14-06-17	10814688	9301172	9299744
2016-08-17-14-06-18	10814688	9301544	9300116
2016-08-17-14-06-19	10814816	9301924	9300496
2016-08-17-14-06-20	10814816	9302180	9300752
2016-08-17-14-06-21	10814816	9302652	9301224
2016-08-17-14-06-22	10814816	9303048	9301620
2016-08-17-14-06-23	10814816	9303216	9301788
2016-08-17-14-06-25	10815872	9304216	9302788
2016-08-17-14-06-26	10818908	9307208	9305780
2016-08-17-14-06-27	10821152	9309528	9308100
2016-08-17-14-06-28	10823924	9312324	9310896
2016-08-17-14-06-29	10825112	9313632	9312204
2016-08-17-14-06-30	10825112	9313764	9312336
2016-08-17-14-06-31	10825112	9313984	9312556
2016-08-17-14-06-32	10825112	9314112	9312684
2016-08-17-14-06-33	10825112	9314352	9312924
2016-08-17-14-06-34	10825112	9314848	9313420
2016-08-17-14-06-35	10825112	9315052	9313624
2016-08-17-14-06-36	10825112	9315304	9313876
2016-08-17-14-06-38	10825112	9315432	9314004
2016-08-17-14-06-39	10825112	9315528	9314100
2016-08-17-14-06-40	10825112	9315664	9314236
2016-08-17-14-06-41	10825112	9315988	9314560
2016-08-17-14-06-42	10825112	9316088	9314660
2016-08-17-14-06-43	10825112	9316112	9314684
2016-08-17-14-06-44	10825904	9316904	9315476
2016-08-17-14-06-45	10827752	9318752	9317324
2016-08-17-14-06-46	10829204	9320176	9318748
2016-08-17-14-06-47	10830788	9321788	9320360
2016-08-17-14-06-48	10831448	9322452	9321024
2016-08-17-14-06-49	10831448	9322536	9321108
2016-08-17-14-06-50	10831448	9322604	9321176
2016-08-17-14-06-51	10831448	9322728	9321300
2016-08-17-14-06-52	10831448	9322920	9321492
2016-08-17-14-06-53	10831448	9323012	9321584
2016-08-17-14-06-55	10831448	9323208	9321780
2016-08-17-14-06-56	10831448	9323252	9321824
2016-08-17-14-06-57	10831448	9323284	9321856
2016-08-17-14-06-58	10831448	9323412	9321984
2016-08-17-14-06-59	10831448	9323528	9322100
2016-08-17-14-07-00	10831448	9323544	9322116
2016-08-17-14-07-01	10831448	9323552	9322124
2016-08-17-14-07-02	10831580	9323648	9322220
2016-08-17-14-07-03	10832240	9324320	9322892
2016-08-17-14-07-04	10833428	9325528	9324100
2016-08-17-14-07-05	10833824	9325968	9324540
2016-08-17-14-07-06	10833824	9326048	9324620
2016-08-17-14-07-08	10833824	9326092	9324664
2016-08-17-14-07-09	10833824	9326140	9324712
2016-08-17-14-07-10	10833824	9326272	9324844
2016-08-17-14-07-11	10833824	9326412	9324984
2016-08-17-14-07-12	10833824	9326460	9325032
2016-08-17-14-07-14	10833824	9326588	9325160
2016-08-17-14-07-15	10833824	9326664	9325236
2016-08-17-14-07-16	10833956	9326768	9325340
2016-08-17-14-07-17	10833956	9326820	9325392
2016-08-17-14-07-18	10833956	9326876	9325448
2016-08-17-14-07-19	10834352	9327352	9325924
2016-08-17-14-07-20	10835144	9328132	9326704
2016-08-17-14-07-21	10836068	9329088	9327660
2016-08-17-14-07-22	10836332	9329340	9327912
2016-08-17-14-07-24	10836332	9329540	9328112
2016-08-17-14-07-25	10836332	9329600	9328172
2016-08-17-14-07-26	10836332	9329888	9328460
2016-08-17-14-07-27	10836332	9330332	9328904
2016-08-17-14-07-28	10836332	9330596	9329168
2016-08-17-14-07-30	10836332	9330772	9329344
2016-08-17-14-07-31	10836332	9331108	9329680
2016-08-17-14-07-32	10836332	9331348	9329920
2016-08-17-14-07-33	10836332	9331644	9330216
2016-08-17-14-07-34	10836332	9331792	9330364
2016-08-17-14-07-35	10836728	9332296	9330868
2016-08-17-14-07-36	10837784	9333324	9331896
2016-08-17-14-07-37	10839632	9335176	9333748
2016-08-17-14-07-38	10840556	9336060	9334632
2016-08-17-14-07-40	10840556	9336212	9334784
2016-08-17-14-07-41	10840556	9336256	9334828
2016-08-17-14-07-42	10840556	9336328	9334900
2016-08-17-14-07-43	10840556	9336552	9335124
2016-08-17-14-07-44	10840556	9336692	9335264
2016-08-17-14-07-45	10840556	9336756	9335328
2016-08-17-14-07-46	10840556	9336844	9335416
2016-08-17-14-07-47	10840556	9336956	9335528
2016-08-17-14-07-48	10840556	9337216	9335788
2016-08-17-14-07-49	10840556	9337268	9335840
2016-08-17-14-07-50	10840556	9337296	9335868
2016-08-17-14-07-51	10840556	9337336	9335908
2016-08-17-14-07-52	10840556	9337336	9335908
2016-08-17-14-07-54	10842140	9338924	9337496
2016-08-17-14-07-55	10843592	9340396	9338968
2016-08-17-14-07-56	10845176	9341956	9340528
2016-08-17-14-07-57	10845176	9342004	9340576
2016-08-17-14-07-58	10845176	9342016	9340588
2016-08-17-14-07-59	10845176	9342036	9340608
2016-08-17-14-08-00	10845176	9342192	9340764
2016-08-17-14-08-01	10845176	9342300	9340872
2016-08-17-14-08-02	10845176	9342344	9340916
2016-08-17-14-08-03	10845176	9342396	9340968
2016-08-17-14-08-04	10845176	9342476	9341048
2016-08-17-14-08-05	10845176	9342524	9341096
2016-08-17-14-08-07	10845176	9342560	9341132
2016-08-17-14-08-08	10845176	9342696	9341268
2016-08-17-14-08-09	10845176	9342752	9341324
2016-08-17-14-08-10	10845176	9342752	9341324
2016-08-17-14-08-11	10845572	9343084	9341656
2016-08-17-14-08-12	10846232	9343712	9342284
2016-08-17-14-08-13	10846760	9344344	9342916
2016-08-17-14-08-14	10846760	9344368	9342940
2016-08-17-14-08-15	10846760	9344412	9342984
2016-08-17-14-08-16	10846760	9344428	9343000
2016-08-17-14-08-17	10846760	9344496	9343068
2016-08-17-14-08-18	10846760	9344588	9343160
2016-08-17-14-08-19	10846760	9344644	9343216
2016-08-17-14-08-20	10846760	9344656	9343228
2016-08-17-14-08-22	10846760	9344716	9343288
2016-08-17-14-08-23	10846760	9344736	9343308
2016-08-17-14-08-24	10846760	9344836	9343408
2016-08-17-14-08-25	10846760	9344908	9343480
2016-08-17-14-08-26	10846760	9344916	9343488
2016-08-17-14-08-27	10846760	9344916	9343488
2016-08-17-14-08-28	10846892	9345048	9343620
2016-08-17-14-08-29	10847156	9345272	9343844
2016-08-17-14-08-30	10847684	9345828	9344400
2016-08-17-14-08-31	10847816	9345952	9344524
2016-08-17-14-08-32	10847816	9345964	9344536
2016-08-17-14-08-33	10847816	9345988	9344560
2016-08-17-14-08-34	10847816	9346032	9344604
2016-08-17-14-08-36	10847816	9346108	9344680
2016-08-17-14-08-37	10847816	9346164	9344736
2016-08-17-14-08-38	10847816	9346204	9344776
2016-08-17-14-08-39	10847816	9346240	9344812
2016-08-17-14-08-40	10847816	9346284	9344856
2016-08-17-14-08-41	10847816	9346300	9344872
2016-08-17-14-08-42	10847816	9346344	9344916
2016-08-17-14-08-43	10847816	9346440	9345012
2016-08-17-14-08-44	10847816	9346440	9345012
2016-08-17-14-08-45	10847948	9346536	9345108
2016-08-17-14-08-46	10848212	9346736	9345308
2016-08-17-14-08-47	10848608	9347216	9345788
2016-08-17-14-08-48	10848740	9347300	9345872
2016-08-17-14-08-49	10848740	9347332	9345904
2016-08-17-14-08-50	10848740	9347352	9345924
2016-08-17-14-08-52	10848740	9347384	9345956
2016-08-17-14-08-53	10848740	9347420	9345992
2016-08-17-14-08-54	10848740	9347520	9346092
2016-08-17-14-08-55	10848740	9347592	9346164
2016-08-17-14-08-56	10848740	9347644	9346216
2016-08-17-14-08-57	10848740	9347736	9346308
2016-08-17-14-08-59	10848740	9347840	9346412
2016-08-17-14-09-00	10848740	9347852	9346424
2016-08-17-14-09-01	10848740	9347872	9346444
2016-08-17-14-09-02	10848740	9347872	9346444
2016-08-17-14-09-03	10848872	9348072	9346644
2016-08-17-14-09-04	10849136	9348340	9346912
2016-08-17-14-09-05	10849532	9348720	9347292
2016-08-17-14-09-06	10849796	9348912	9347484
2016-08-17-14-09-07	10849796	9348924	9347496
2016-08-17-14-09-08	10849796	9348948	9347520
2016-08-17-14-09-09	10849796	9348960	9347532
2016-08-17-14-09-10	10849796	9349044	9347616
2016-08-17-14-09-11	10849796	9349100	9347672
2016-08-17-14-09-13	10849796	9349120	9347692
2016-08-17-14-09-14	10849796	9349144	9347716
2016-08-17-14-09-15	10849796	9349204	9347776
2016-08-17-14-09-16	10849796	9349232	9347804
2016-08-17-14-09-17	10849796	9349332	9347904
2016-08-17-14-09-18	10849796	9349364	9347936
2016-08-17-14-09-19	10849796	9349396	9347968
2016-08-17-14-09-20	10849796	9349396	9347968
2016-08-17-14-09-21	10850060	9349580	9348152
2016-08-17-14-09-22	10850192	9349732	9348304
2016-08-17-14-09-23	10850720	9350240	9348812
2016-08-17-14-09-24	10850852	9350432	9349004
2016-08-17-14-09-25	10850852	9350456	9349028
2016-08-17-14-09-27	10850852	9350480	9349052
2016-08-17-14-09-28	10850852	9350496	9349068
2016-08-17-14-09-29	10850852	9350556	9349128
2016-08-17-14-09-30	10850852	9350580	9349152
2016-08-17-14-09-31	10850852	9350588	9349160
2016-08-17-14-09-33	10850852	9350632	9349204
2016-08-17-14-09-34	10850852	9350648	9349220
2016-08-17-14-09-35	10850852	9350684	9349256
2016-08-17-14-09-36	10850852	9350736	9349308
2016-08-17-14-09-37	10850852	9350740	9349312
2016-08-17-14-09-38	10850984	9350784	9349356
2016-08-17-14-09-39	10850984	9350876	9349448
2016-08-17-14-09-40	10851248	9351096	9349668
2016-08-17-14-09-41	10851380	9351292	9349864
2016-08-17-14-09-43	10851512	9351348	9349920
2016-08-17-14-09-44	10851512	9351368	9349940
2016-08-17-14-09-45	10851512	9351388	9349960
2016-08-17-14-09-46	10851512	9351452	9350024
2016-08-17-14-09-47	10851512	9351480	9350052
2016-08-17-14-09-49	10851512	9351488	9350060
2016-08-17-14-09-50	10851512	9351492	9350064
2016-08-17-14-09-51	10851512	9351500	9350072
2016-08-17-14-09-52	10851512	9351504	9350076
2016-08-17-14-09-53	10851512	9351528	9350100
2016-08-17-14-09-54	10851512	9351556	9350128
2016-08-17-14-09-55	10851512	9351556	9350128
2016-08-17-14-09-57	10851512	9351632	9350204
2016-08-17-14-09-58	10851776	9351824	9350396
2016-08-17-14-09-59	10851908	9351936	9350508
2016-08-17-14-10-00	10851908	9351944	9350516
2016-08-17-14-10-01	10851908	9351948	9350520
2016-08-17-14-10-02	10851908	9351952	9350524
2016-08-17-14-10-03	10851908	9351956	9350528
2016-08-17-14-10-04	10851908	9351980	9350552
2016-08-17-14-10-05	10851908	9351984	9350556
2016-08-17-14-10-06	10851908	9351988	9350560
2016-08-17-14-10-07	10851908	9352008	9350580
2016-08-17-14-10-08	10851908	9352012	9350584
2016-08-17-14-10-10	10851908	9352012	9350584
2016-08-17-14-10-11	10851908	9352044	9350616
2016-08-17-14-10-12	10851908	9352068	9350640
2016-08-17-14-10-13	10851908	9352072	9350644
2016-08-17-14-10-14	10851908	9352084	9350656
2016-08-17-14-10-15	10852040	9352168	9350740
2016-08-17-14-10-16	10852172	9352288	9350860
2016-08-17-14-10-17	10852172	9352300	9350872
2016-08-17-14-10-18	10852172	9352308	9350880
2016-08-17-14-10-19	10852172	9352312	9350884
2016-08-17-14-10-20	10852172	9352316	9350888
2016-08-17-14-10-21	10852172	9352340	9350912
2016-08-17-14-10-22	10852172	9352340	9350912
2016-08-17-14-10-23	10852172	9352344	9350916
2016-08-17-14-10-24	10852172	9352368	9350940
2016-08-17-14-10-26	10852172	9352372	9350944
2016-08-17-14-10-27	10852172	9352376	9350948
2016-08-17-14-10-28	10852172	9352412	9350984
2016-08-17-14-10-29	10852172	9352412	9350984
2016-08-17-14-10-30	10852172	9352420	9350992
2016-08-17-14-10-31	10852172	9352472	9351044
2016-08-17-14-10-32	10852304	9352604	9351176
2016-08-17-14-10-33	10852436	9352724	9351296
2016-08-17-14-10-34	10852436	9352740	9351312
2016-08-17-14-10-35	10852436	9352748	9351320
2016-08-17-14-10-36	10852436	9352752	9351324
2016-08-17-14-10-37	10852436	9352764	9351336
2016-08-17-14-10-38	10852436	9352776	9351348
2016-08-17-14-10-39	10852436	9352784	9351356
2016-08-17-14-10-41	10852436	9352788	9351360
2016-08-17-14-10-42	10852436	9352804	9351376
2016-08-17-14-10-43	10852436	9352820	9351392
2016-08-17-14-10-44	10852436	9352832	9351404
2016-08-17-14-10-45	10852436	9352852	9351424
2016-08-17-14-10-46	10852436	9352872	9351444
2016-08-17-14-10-47	10852436	9352872	9351444
2016-08-17-14-10-48	10852436	9352872	9351444
2016-08-17-14-10-49	10852568	9352980	9351552
2016-08-17-14-10-50	10852700	9353088	9351660
2016-08-17-14-10-51	10852832	9353212	9351784
2016-08-17-14-10-52	10852832	9353228	9351800
2016-08-17-14-10-53	10852832	9353240	9351812
2016-08-17-14-10-54	10852832	9353244	9351816
2016-08-17-14-10-55	10852832	9353284	9351856
2016-08-17-14-10-57	10852832	9353284	9351856
2016-08-17-14-10-58	10852832	9353284	9351856
2016-08-17-14-10-59	10852832	9353292	9351864
2016-08-17-14-11-00	10852832	9353304	9351876
2016-08-17-14-11-01	10852832	9353308	9351880
2016-08-17-14-11-02	10852832	9353312	9351884
2016-08-17-14-11-03	10852832	9353328	9351900
2016-08-17-14-11-04	10852832	9353348	9351920
2016-08-17-14-11-05	10852832	9353348	9351920
2016-08-17-14-11-06	10852832	9353372	9351944
2016-08-17-14-11-07	10852832	9353404	9351976
2016-08-17-14-11-08	10852964	9353516	9352088
2016-08-17-14-11-09	10852964	9353532	9352104
2016-08-17-14-11-10	10852964	9353548	9352120
2016-08-17-14-11-11	10852964	9353552	9352124
2016-08-17-14-11-13	10852964	9353552	9352124
2016-08-17-14-11-14	10852964	9353556	9352128
2016-08-17-14-11-15	10852964	9353556	9352128
2016-08-17-14-11-16	10852964	9353556	9352128
2016-08-17-14-11-17	10852964	9353580	9352152
2016-08-17-14-11-18	10852964	9353584	9352156
2016-08-17-14-11-19	10852964	9353600	9352172
2016-08-17-14-11-20	10852964	9353608	9352180
2016-08-17-14-11-21	10852964	9353608	9352180
2016-08-17-14-11-22	10852964	9353608	9352180
2016-08-17-14-11-23	10853096	9353656	9352228
2016-08-17-14-11-24	10853096	9353728	9352300
2016-08-17-14-11-25	10853228	9353764	9352336
2016-08-17-14-11-26	10853228	9353784	9352356
2016-08-17-14-11-27	10853228	9353796	9352368
2016-08-17-14-11-28	10853228	9353804	9352376
2016-08-17-14-11-30	10853228	9353812	9352384
2016-08-17-14-11-31	10853228	9353812	9352384
2016-08-17-14-11-32	10853228	9353820	9352392
2016-08-17-14-11-33	10853228	9353836	9352408
2016-08-17-14-11-34	10853228	9353836	9352408
2016-08-17-14-11-35	10853228	9353836	9352408
2016-08-17-14-11-36	10853228	9353840	9352412
2016-08-17-14-11-37	10853228	9353844	9352416
2016-08-17-14-11-38	10853228	9353844	9352416
2016-08-17-14-11-39	10853228	9353844	9352416
2016-08-17-14-11-40	10853228	9353876	9352448
2016-08-17-14-11-41	10853228	9353908	9352480
2016-08-17-14-11-42	10853228	9353932	9352504
2016-08-17-14-11-43	10853360	9353964	9352536
2016-08-17-14-11-44	10853360	9353972	9352544
2016-08-17-14-11-45	10853360	9353984	9352556
2016-08-17-14-11-47	10853360	9353988	9352560
2016-08-17-14-11-48	10853360	9353988	9352560
2016-08-17-14-11-49	10853360	9353988	9352560
2016-08-17-14-11-50	10853360	9353988	9352560
2016-08-17-14-11-51	10853360	9353992	9352564
2016-08-17-14-11-52	10853360	9354008	9352580
2016-08-17-14-11-53	10853360	9354020	9352592
2016-08-17-14-11-54	10853360	9354020	9352592
2016-08-17-14-11-55	10853360	9354024	9352596
2016-08-17-14-11-56	10853360	9354032	9352604
2016-08-17-14-11-57	10853360	9354084	9352656
2016-08-17-14-11-58	10853360	9354084	9352656
2016-08-17-14-11-59	10853360	9354100	9352672
2016-08-17-14-12-00	10853360	9354136	9352708
2016-08-17-14-12-01	10853360	9354140	9352712
2016-08-17-14-12-03	10853360	9354156	9352728
2016-08-17-14-12-04	10853360	9354160	9352732
2016-08-17-14-12-05	10853360	9354164	9352736
2016-08-17-14-12-06	10853360	9354164	9352736
2016-08-17-14-12-07	10853360	9354164	9352736
2016-08-17-14-12-08	10853360	9354168	9352740
2016-08-17-14-12-09	10853360	9354180	9352752
2016-08-17-14-12-10	10853360	9354188	9352760
2016-08-17-14-12-11	10853360	9354188	9352760
2016-08-17-14-12-12	10853360	9354188	9352760
2016-08-17-14-12-13	10853360	9354196	9352768
2016-08-17-14-12-14	10853360	9354196	9352768
2016-08-17-14-12-15	10853492	9354224	9352796
2016-08-17-14-12-16	10853492	9354284	9352856
2016-08-17-14-12-18	10853492	9354304	9352876
2016-08-17-14-12-19	10853492	9354304	9352876
2016-08-17-14-12-20	10853492	9354308	9352880
2016-08-17-14-12-21	10853492	9354324	9352896
2016-08-17-14-12-22	10853492	9354324	9352896
2016-08-17-14-12-23	10853492	9354324	9352896
2016-08-17-14-12-24	10853492	9354324	9352896
2016-08-17-14-12-25	10853492	9354324	9352896
2016-08-17-14-12-26	10853492	9354324	9352896
2016-08-17-14-12-27	10853492	9354336	9352908
2016-08-17-14-12-28	10853492	9354336	9352908
2016-08-17-14-12-29	10853492	9354336	9352908
2016-08-17-14-12-31	10853492	9354344	9352916
2016-08-17-14-12-32	10853492	9354348	9352920
2016-08-17-14-12-33	10853492	9354348	9352920
2016-08-17-14-12-34	10853492	9354348	9352920
2016-08-17-14-12-35	10853492	9354356	9352928
2016-08-17-14-12-36	10853624	9354368	9352940
2016-08-17-14-12-37	10853624	9354376	9352948
2016-08-17-14-12-38	10853624	9354388	9352960
2016-08-17-14-12-39	10853624	9354408	9352980
2016-08-17-14-12-40	10853624	9354408	9352980
2016-08-17-14-12-41	10853624	9354412	9352984
2016-08-17-14-12-42	10853624	9354420	9352992
2016-08-17-14-12-43	10853624	9354432	9353004
2016-08-17-14-12-44	10853624	9354432	9353004
2016-08-17-14-12-45	10853624	9354432	9353004
2016-08-17-14-12-46	10853624	9354436	9353008
2016-08-17-14-12-47	10853624	9354436	9353008
2016-08-17-14-12-49	10853624	9354440	9353012
2016-08-17-14-12-50	10853624	9354444	9353016
2016-08-17-14-12-51	10853624	9354444	9353016
2016-08-17-14-12-52	10853624	9354464	9353036
2016-08-17-14-12-53	10853624	9354496	9353068
2016-08-17-14-12-54	10853624	9354508	9353080
2016-08-17-14-12-55	10853624	9354520	9353092
2016-08-17-14-12-56	10853624	9354528	9353100
2016-08-17-14-12-57	10853624	9354528	9353100
2016-08-17-14-12-59	10853624	9354528	9353100
2016-08-17-14-13-00	10853624	9354528	9353100
2016-08-17-14-13-01	10853624	9354528	9353100
2016-08-17-14-13-02	10853624	9354528	9353100
2016-08-17-14-13-03	10853624	9354532	9353104
2016-08-17-14-13-05	10853624	9354540	9353112
2016-08-17-14-13-06	10853624	9354540	9353112
2016-08-17-14-13-07	10853624	9354540	9353112
2016-08-17-14-13-08	10853624	9354544	9353116
2016-08-17-14-13-09	10853624	9354544	9353116
2016-08-17-14-13-10	10853756	9354572	9353144
2016-08-17-14-13-11	10853756	9354584	9353156
2016-08-17-14-13-12	10853756	9354584	9353156
2016-08-17-14-13-13	10853756	9354584	9353156
2016-08-17-14-13-14	10853756	9354588	9353160
2016-08-17-14-13-15	10853756	9354592	9353164
2016-08-17-14-13-16	10853756	9354592	9353164
2016-08-17-14-13-18	10853756	9354592	9353164
2016-08-17-14-13-19	10853756	9354592	9353164
2016-08-17-14-13-20	10853756	9354592	9353164
2016-08-17-14-13-21	10853756	9354592	9353164
2016-08-17-14-13-22	10853756	9354636	9353208
2016-08-17-14-13-23	10853756	9354660	9353232
2016-08-17-14-13-24	10853756	9354660	9353232
2016-08-17-14-13-26	10853756	9354660	9353232
2016-08-17-14-13-27	10853756	9354660	9353232
2016-08-17-14-13-28	10853756	9354688	9353260
2016-08-17-14-13-29	10853756	9354696	9353268
2016-08-17-14-13-30	10853756	9354696	9353268
2016-08-17-14-13-31	10853756	9354760	9353332
2016-08-17-14-13-32	10853756	9354764	9353336
2016-08-17-14-13-33	10853756	9354776	9353348
2016-08-17-14-13-34	10853756	9354776	9353348
2016-08-17-14-13-35	10853756	9354776	9353348
2016-08-17-14-13-36	10853756	9354776	9353348
2016-08-17-14-13-37	10853756	9354776	9353348
2016-08-17-14-13-38	10853756	9354788	9353360
2016-08-17-14-13-39	10853756	9354788	9353360
2016-08-17-14-13-41	10853756	9354788	9353360
2016-08-17-14-13-42	10853756	9354792	9353364
2016-08-17-14-13-43	10853756	9354792	9353364
2016-08-17-14-13-44	10853756	9354796	9353368
2016-08-17-14-13-45	10853756	9354796	9353368
2016-08-17-14-13-46	10853756	9354796	9353368
2016-08-17-14-13-47	10853756	9354800	9353372
2016-08-17-14-13-48	10853756	9354800	9353372
2016-08-17-14-13-49	10853888	9354868	9353440
2016-08-17-14-13-50	10853888	9354868	9353440
2016-08-17-14-13-51	10853888	9354872	9353444
2016-08-17-14-13-52	10853888	9354872	9353444
2016-08-17-14-13-53	10853888	9354872	9353444
2016-08-17-14-13-55	10853888	9354872	9353444
2016-08-17-14-13-56	10853888	9354872	9353444
2016-08-17-14-13-57	10853888	9354876	9353448
2016-08-17-14-13-58	10853888	9354888	9353460
2016-08-17-14-13-59	10853888	9354888	9353460
2016-08-17-14-14-00	10853888	9354892	9353464
2016-08-17-14-14-01	10853888	9354892	9353464
2016-08-17-14-14-02	10853888	9354896	9353468
2016-08-17-14-14-03	10853888	9354896	9353468
2016-08-17-14-14-04	10853888	9354896	9353468
2016-08-17-14-14-05	10853888	9354896	9353468
2016-08-17-14-14-06	10853888	9354896	9353468
2016-08-17-14-14-07	10853888	9354896	9353468
2016-08-17-14-14-08	10853888	9354896	9353468
2016-08-17-14-14-09	10853888	9354896	9353468
2016-08-17-14-14-10	10853888	9354908	9353480
2016-08-17-14-14-11	10853888	9354908	9353480
2016-08-17-14-14-13	10853888	9354908	9353480
2016-08-17-14-14-14	10853888	9354908	9353480
2016-08-17-14-14-15	10853888	9354908	9353480
2016-08-17-14-14-16	10853888	9354908	9353480
2016-08-17-14-14-17	10853888	9354928	9353500
2016-08-17-14-14-18	10853888	9354928	9353500
2016-08-17-14-14-19	10853888	9354932	9353504
2016-08-17-14-14-20	10853888	9354932	9353504
2016-08-17-14-14-21	10853888	9354932	9353504
2016-08-17-14-14-22	10853888	9354936	9353508
2016-08-17-14-14-23	10853888	9354960	9353532
2016-08-17-14-14-24	10853888	9354960	9353532
2016-08-17-14-14-25	10853888	9354960	9353532
2016-08-17-14-14-26	10853888	9354964	9353536
2016-08-17-14-14-27	10853888	9354972	9353544
2016-08-17-14-14-29	10853888	9354972	9353544
2016-08-17-14-14-30	10853888	9354972	9353544
2016-08-17-14-14-31	10853888	9354972	9353544
2016-08-17-14-14-32	10853888	9354972	9353544
2016-08-17-14-14-33	10853888	9354972	9353544
2016-08-17-14-14-34	10853888	9354976	9353548
2016-08-17-14-14-35	10853888	9354980	9353552
2016-08-17-14-14-36	10853888	9354980	9353552
2016-08-17-14-14-37	10853888	9354984	9353556
2016-08-17-14-14-38	10853888	9354984	9353556
2016-08-17-14-14-39	10853888	9354984	9353556
2016-08-17-14-14-40	10853888	9354984	9353556
2016-08-17-14-14-41	10854020	9355004	9353576
2016-08-17-14-14-42	10854020	9355004	9353576
2016-08-17-14-14-43	10854020	9355004	9353576
2016-08-17-14-14-44	10854020	9355008	9353580
2016-08-17-14-14-45	10854020	9355008	9353580
2016-08-17-14-14-47	10854020	9355012	9353584
2016-08-17-14-14-48	10854020	9355012	9353584
2016-08-17-14-14-49	10854020	9355012	9353584
2016-08-17-14-14-50	10854020	9355012	9353584
2016-08-17-14-14-51	10854020	9355012	9353584
2016-08-17-14-14-52	10854020	9355012	9353584
2016-08-17-14-14-53	10854020	9355020	9353592
2016-08-17-14-14-54	10854020	9355020	9353592
2016-08-17-14-14-55	10854020	9355024	9353596
2016-08-17-14-14-56	10854020	9355024	9353596
2016-08-17-14-14-57	10854020	9355028	9353600
2016-08-17-14-14-58	10854020	9355028	9353600
2016-08-17-14-14-59	10854020	9355028	9353600
2016-08-17-14-15-00	10854020	9355040	9353612
2016-08-17-14-15-01	10854020	9355040	9353612
2016-08-17-14-15-02	10854020	9355040	9353612
2016-08-17-14-15-03	10854020	9355048	9353620
2016-08-17-14-15-05	10854020	9355048	9353620
2016-08-17-14-15-06	10854020	9355048	9353620
2016-08-17-14-15-07	10854020	9355048	9353620
2016-08-17-14-15-08	10854020	9355048	9353620
2016-08-17-14-15-09	10854020	9355048	9353620
2016-08-17-14-15-10	10854020	9355048	9353620
2016-08-17-14-15-11	10854020	9355056	9353628
2016-08-17-14-15-12	10854020	9355056	9353628
2016-08-17-14-15-13	10854020	9355060	9353632
2016-08-17-14-15-14	10854020	9355060	9353632
2016-08-17-14-15-15	10854020	9355064	9353636
2016-08-17-14-15-16	10854020	9355064	9353636
2016-08-17-14-15-17	10854020	9355064	9353636
2016-08-17-14-15-18	10854020	9355064	9353636
2016-08-17-14-15-19	10854020	9355076	9353648
2016-08-17-14-15-20	10854020	9355076	9353648
2016-08-17-14-15-21	10854020	9355076	9353648
2016-08-17-14-15-23	10854020	9355084	9353656
2016-08-17-14-15-24	10854020	9355088	9353660
2016-08-17-14-15-25	10854020	9355088	9353660
2016-08-17-14-15-26	10854020	9355088	9353660
2016-08-17-14-15-27	10854020	9355088	9353660
2016-08-17-14-15-28	10854020	9355088	9353660
2016-08-17-14-15-29	10854020	9355088	9353660
2016-08-17-14-15-30	10854020	9355092	9353664
2016-08-17-14-15-31	10854020	9355100	9353672
2016-08-17-14-15-32	10854020	9355100	9353672
2016-08-17-14-15-33	10854020	9355100	9353672
2016-08-17-14-15-34	10854020	9355100	9353672
2016-08-17-14-15-35	10854020	9355100	9353672
2016-08-17-14-15-36	10854020	9355100	9353672
2016-08-17-14-15-37	10854020	9355104	9353676
2016-08-17-14-15-38	10854020	9355104	9353676
2016-08-17-14-15-40	10854020	9355104	9353676
2016-08-17-14-15-41	10854020	9355112	9353684
2016-08-17-14-15-42	10854020	9355124	9353696
2016-08-17-14-15-43	10854020	9355124	9353696
2016-08-17-14-15-44	10854020	9355124	9353696
2016-08-17-14-15-45	10854020	9355124	9353696
2016-08-17-14-15-46	10854020	9355124	9353696
2016-08-17-14-15-47	10854020	9355124	9353696
2016-08-17-14-15-48	10854020	9355124	9353696
2016-08-17-14-15-49	10854020	9355128	9353700
2016-08-17-14-15-50	10854020	9355128	9353700
2016-08-17-14-15-51	10854020	9355128	9353700
2016-08-17-14-15-53	10854020	9355128	9353700
2016-08-17-14-15-54	10854020	9355128	9353700
2016-08-17-14-15-55	10854020	9355136	9353708
2016-08-17-14-15-56	10854020	9355144	9353716
2016-08-17-14-15-57	10854020	9355144	9353716
2016-08-17-14-15-58	10854020	9355152	9353724
2016-08-17-14-15-59	10854020	9355152	9353724
2016-08-17-14-16-00	10854020	9355152	9353724
2016-08-17-14-16-01	10854020	9355152	9353724
2016-08-17-14-16-02	10854020	9355152	9353724
2016-08-17-14-16-03	10854020	9355152	9353724
2016-08-17-14-16-04	10854020	9355152	9353724
2016-08-17-14-16-05	10854020	9355156	9353728
2016-08-17-14-16-06	10854020	9355156	9353728
2016-08-17-14-16-08	10854020	9355156	9353728
2016-08-17-14-16-09	10854020	9355156	9353728
2016-08-17-14-16-10	10854020	9355156	9353728
2016-08-17-14-16-11	10854020	9355156	9353728
2016-08-17-14-16-12	10854020	9355156	9353728
2016-08-17-14-16-13	10854020	9355160	9353732
2016-08-17-14-16-14	10854020	9355160	9353732
2016-08-17-14-16-15	10854020	9355168	9353740
2016-08-17-14-16-16	10854020	9355168	9353740
2016-08-17-14-16-17	10854020	9355168	9353740
2016-08-17-14-16-18	10854020	9355168	9353740
2016-08-17-14-16-19	10854020	9355168	9353740
2016-08-17-14-16-20	10854020	9355168	9353740
2016-08-17-14-16-21	10854020	9355168	9353740
2016-08-17-14-16-22	10854020	9355168	9353740
2016-08-17-14-16-23	10854020	9355168	9353740
2016-08-17-14-16-24	10854020	9355168	9353740
2016-08-17-14-16-26	10854020	9355168	9353740
2016-08-17-14-16-27	10854020	9355168	9353740
2016-08-17-14-16-28	10854020	9355172	9353744
2016-08-17-14-16-29	10854020	9355172	9353744
2016-08-17-14-16-30	10854020	9355172	9353744
2016-08-17-14-16-31	10854020	9355172	9353744
2016-08-17-14-16-32	10854020	9355172	9353744
2016-08-17-14-16-33	10854020	9355176	9353748
2016-08-17-14-16-34	10854020	9355176	9353748
2016-08-17-14-16-35	10854020	9355176	9353748
2016-08-17-14-16-36	10854020	9355176	9353748
2016-08-17-14-16-37	10854020	9355176	9353748
2016-08-17-14-16-38	10854020	9355176	9353748
2016-08-17-14-16-39	10854020	9355176	9353748
2016-08-17-14-16-41	10854020	9355176	9353748
2016-08-17-14-16-42	10854148	9355180	9353752
2016-08-17-14-16-43	10854148	9355184	9353756
2016-08-17-14-16-44	10854148	9355184	9353756
2016-08-17-14-16-45	10854148	9355184	9353756
2016-08-17-14-16-46	10854148	9355184	9353756
2016-08-17-14-16-47	10854148	9355184	9353756
2016-08-17-14-16-48	10854148	9355184	9353756
2016-08-17-14-16-49	10854148	9355184	9353756
2016-08-17-14-16-50	10854148	9355184	9353756
2016-08-17-14-16-51	10854148	9355184	9353756
2016-08-17-14-16-52	10854148	9355184	9353756
2016-08-17-14-16-53	10854148	9355184	9353756
2016-08-17-14-16-54	10854148	9355184	9353756
2016-08-17-14-16-55	10854148	9355184	9353756
2016-08-17-14-16-57	10854148	9355184	9353756
2016-08-17-14-16-58	10854148	9355184	9353756
2016-08-17-14-16-59	10854148	9355184	9353756
2016-08-17-14-17-00	10854148	9355184	9353756
2016-08-17-14-17-01	10854148	9355184	9353756
2016-08-17-14-17-02	10854148	9355184	9353756
2016-08-17-14-17-03	10854148	9355184	9353756
2016-08-17-14-17-04	10854140	9355184	9353756
2016-08-17-14-17-05	10854140	9355184	9353756
2016-08-17-14-17-06	10854140	9355184	9353756
2016-08-17-14-17-07	10854140	9355184	9353756
2016-08-17-14-17-08	10854140	9355184	9353756
2016-08-17-14-17-09	10854140	9355184	9353756
2016-08-17-14-17-10	10854140	9355184	9353756
2016-08-17-14-17-12	10854140	9355184	9353756
2016-08-17-14-17-13	10854140	9355184	9353756
2016-08-17-14-17-14	10854140	9355184	9353756
2016-08-17-14-17-15	10854140	9355184	9353756
2016-08-17-14-17-16	10854140	9355184	9353756
2016-08-17-14-17-17	10854140	9355184	9353756
2016-08-17-14-17-18	10854140	9355184	9353756
2016-08-17-14-17-19	10854140	9355184	9353756
2016-08-17-14-17-20	10854140	9355184	9353756
2016-08-17-14-17-21	10854140	9355184	9353756
2016-08-17-14-17-22	10854140	9355184	9353756
2016-08-17-14-17-23	10854140	9355184	9353756
2016-08-17-14-17-24	10854140	9355184	9353756
2016-08-17-14-17-25	10854140	9355184	9353756
2016-08-17-14-17-26	10854140	9355184	9353756
2016-08-17-14-17-28	10854140	9355184	9353756
2016-08-17-14-17-29	10854140	9355184	9353756
2016-08-17-14-17-30	10854140	9355184	9353756
2016-08-17-14-17-31	10854140	9355184	9353756
2016-08-17-14-17-32	10854140	9355184	9353756
2016-08-17-14-17-33	10854140	9355184	9353756
2016-08-17-14-17-34	10854140	9355184	9353756
2016-08-17-14-17-35	10854140	9355184	9353756
2016-08-17-14-17-36	10854140	9355184	9353756
2016-08-17-14-17-37	10854140	9355184	9353756
2016-08-17-14-17-38	10854140	9355184	9353756
2016-08-17-14-17-39	10854140	9355184	9353756
2016-08-17-14-17-40	10854140	9355184	9353756
2016-08-17-14-17-41	10854140	9355184	9353756
2016-08-17-14-17-42	10854140	9355184	9353756
2016-08-17-14-17-43	10854140	9355184	9353756
2016-08-17-14-17-45	10854140	9355184	9353756
2016-08-17-14-17-46	10854140	9355184	9353756
2016-08-17-14-17-47	10854140	9355184	9353756
2016-08-17-14-17-48	10854140	9355184	9353756
2016-08-17-14-17-49	10854140	9355184	9353756
2016-08-17-14-17-50	10854140	9355184	9353756
2016-08-17-14-17-51	10854140	9355184	9353756
2016-08-17-14-17-52	10854140	9355184	9353756
2016-08-17-14-17-53	10854140	9355184	9353756
2016-08-17-14-17-54	10854140	9355184	9353756
2016-08-17-14-17-55	10854140	9355184	9353756
2016-08-17-14-17-56	10854140	9355184	9353756
2016-08-17-14-17-57	10854140	9355184	9353756
2016-08-17-14-17-58	10854140	9355184	9353756
2016-08-17-14-17-59	10854140	9355184	9353756
2016-08-17-14-18-01	10854140	9355184	9353756
2016-08-17-14-18-02	10854140	9355184	9353756
2016-08-17-14-18-03	10854140	9355184	9353756
2016-08-17-14-18-04	10854140	9355184	9353756
2016-08-17-14-18-05	10854140	9355184	9353756
2016-08-17-14-18-06	10854140	9355184	9353756
2016-08-17-14-18-07	10854140	9355184	9353756
2016-08-17-14-18-08	10854140	9355184	9353756
2016-08-17-14-18-09	10854140	9355184	9353756
2016-08-17-14-18-10	10854140	9355184	9353756
2016-08-17-14-18-11	10854140	9355184	9353756
2016-08-17-14-18-12	10854140	9355184	9353756
2016-08-17-14-18-13	10854140	9355184	9353756
2016-08-17-14-18-15	10854140	9355184	9353756
2016-08-17-14-18-16	10854140	9355184	9353756
2016-08-17-14-18-17	10854140	9355184	9353756
2016-08-17-14-18-18	10854140	9355184	9353756
2016-08-17-14-18-19	10854140	9355184	9353756
2016-08-17-14-18-20	10854140	9355184	9353756
2016-08-17-14-18-21	10854140	9355184	9353756
2016-08-17-14-18-22	10854140	9355184	9353756
2016-08-17-14-18-23	10854140	9355184	9353756
2016-08-17-14-18-24	10854140	9355184	9353756
2016-08-17-14-18-25	10854140	9355184	9353756
2016-08-17-14-18-26	10854140	9355184	9353756
2016-08-17-14-18-27	10854140	9355184	9353756
2016-08-17-14-18-28	10854140	9355184	9353756
2016-08-17-14-18-29	10854140	9355184	9353756
2016-08-17-14-18-31	10854140	9355184	9353756
2016-08-17-14-18-32	10854140	9355184	9353756
2016-08-17-14-18-33	10854140	9355184	9353756
2016-08-17-14-18-34	10854140	9355184	9353756
2016-08-17-14-18-35	10854140	9355184	9353756
2016-08-17-14-18-36	10854140	9355184	9353756
2016-08-17-14-18-37	10854140	9355184	9353756
2016-08-17-14-18-38	10854140	9355184	9353756
2016-08-17-14-18-39	10854140	9355184	9353756
2016-08-17-14-18-40	10854140	9355184	9353756
2016-08-17-14-18-42	10854140	9355184	9353756
2016-08-17-14-18-43	10854140	9355184	9353756
2016-08-17-14-18-44	10854140	9355184	9353756
2016-08-17-14-18-45	10854140	9355184	9353756
2016-08-17-14-18-46	10854140	9355184	9353756
2016-08-17-14-18-48	10854140	9355184	9353756
2016-08-17-14-18-49	10854140	9355184	9353756
2016-08-17-14-18-50	10854140	9355184	9353756
2016-08-17-14-18-51	10854140	9355184	9353756
2016-08-17-14-18-52	10854140	9355184	9353756
2016-08-17-14-18-53	10854140	9355184	9353756
2016-08-17-14-18-54	10854140	9355184	9353756
2016-08-17-14-18-55	10854140	9355184	9353756
2016-08-17-14-18-56	10854140	9355184	9353756
2016-08-17-14-18-57	10854140	9355184	9353756
2016-08-17-14-18-58	10854140	9355184	9353756
2016-08-17-14-18-59	10854140	9355184	9353756
2016-08-17-14-19-00	10854140	9355184	9353756
2016-08-17-14-19-02	10854140	9355184	9353756
2016-08-17-14-19-03	10854140	9355184	9353756
2016-08-17-14-19-04	10854140	9355184	9353756
2016-08-17-14-19-05	10854140	9355184	9353756
2016-08-17-14-19-06	10854140	9355184	9353756
2016-08-17-14-19-07	10854140	9355184	9353756
2016-08-17-14-19-08	10854140	9355184	9353756
2016-08-17-14-19-09	10854140	9355184	9353756
2016-08-17-14-19-10	10854140	9355184	9353756
2016-08-17-14-19-11	10854140	9355184	9353756
2016-08-17-14-19-12	10854140	9355184	9353756
2016-08-17-14-19-13	10854140	9355184	9353756
2016-08-17-14-19-14	10854140	9355184	9353756
2016-08-17-14-19-15	10854140	9355184	9353756
2016-08-17-14-19-16	10854140	9355184	9353756
2016-08-17-14-19-17	10854140	9355184	9353756
2016-08-17-14-19-19	10854140	9355184	9353756
2016-08-17-14-19-20	10854140	9355184	9353756
2016-08-17-14-19-21	10854140	9355184	9353756
2016-08-17-14-19-22	10854140	9355184	9353756
2016-08-17-14-19-23	10854140	9355184	9353756
2016-08-17-14-19-24	10854140	9355184	9353756
2016-08-17-14-19-25	10854140	9355184	9353756
2016-08-17-14-19-26	10854140	9355184	9353756
2016-08-17-14-19-27	10854140	9355184	9353756
2016-08-17-14-19-28	10854140	9355184	9353756
2016-08-17-14-19-29	10854140	9355184	9353756
2016-08-17-14-19-30	10854140	9355184	9353756
2016-08-17-14-19-31	10854140	9355184	9353756
2016-08-17-14-19-32	10854140	9355184	9353756
2016-08-17-14-19-33	10854140	9355184	9353756
2016-08-17-14-19-34	10854140	9355184	9353756
2016-08-17-14-19-35	10854140	9355184	9353756
2016-08-17-14-19-37	10854140	9355184	9353756
2016-08-17-14-19-38	10854140	9355184	9353756
2016-08-17-14-19-39	10854140	9355184	9353756
2016-08-17-14-19-40	10854140	9355184	9353756
2016-08-17-14-19-41	10854140	9355184	9353756
2016-08-17-14-19-42	10854140	9355184	9353756
2016-08-17-14-19-43	10854140	9355184	9353756
2016-08-17-14-19-44	10854140	9355184	9353756
2016-08-17-14-19-45	10854140	9355184	9353756
2016-08-17-14-19-46	10854140	9355184	9353756
2016-08-17-14-19-47	10854140	9355184	9353756
2016-08-17-14-19-48	10854140	9355184	9353756
2016-08-17-14-19-49	10854140	9355184	9353756
2016-08-17-14-19-50	10854140	9355184	9353756
2016-08-17-14-19-51	10854140	9355184	9353756
2016-08-17-14-19-52	10854140	9355184	9353756
2016-08-17-14-19-53	10854140	9355184	9353756
2016-08-17-14-19-55	10854140	9355184	9353756
2016-08-17-14-19-56	10854140	9355184	9353756
2016-08-17-14-19-57	10854140	9355184	9353756
2016-08-17-14-19-58	10854140	9355184	9353756
2016-08-17-14-19-59	10854140	9355184	9353756
2016-08-17-14-20-00	10854140	9355184	9353756
2016-08-17-14-20-01	10854140	9355184	9353756
2016-08-17-14-20-02	10854140	9355184	9353756
2016-08-17-14-20-03	10854140	9355184	9353756
2016-08-17-14-20-04	10854140	9355184	9353756
2016-08-17-14-20-05	10854140	9355184	9353756
2016-08-17-14-20-06	10854140	9355184	9353756
2016-08-17-14-20-07	10854140	9355184	9353756
2016-08-17-14-20-08	10854140	9355184	9353756
2016-08-17-14-20-09	10854140	9355184	9353756
2016-08-17-14-20-11	10854140	9355184	9353756
2016-08-17-14-20-12	10854140	9355184	9353756
2016-08-17-14-20-13	10854140	9355184	9353756
2016-08-17-14-20-14	10854140	9355184	9353756
2016-08-17-14-20-15	10854140	9355184	9353756
2016-08-17-14-20-16	10854140	9355184	9353756
2016-08-17-14-20-17	10854140	9355184	9353756
2016-08-17-14-20-18	10854140	9355184	9353756
2016-08-17-14-20-19	10854140	9355184	9353756
2016-08-17-14-20-20	10854140	9355184	9353756
2016-08-17-14-20-21	10854140	9355184	9353756
2016-08-17-14-20-22	10854140	9355184	9353756
2016-08-17-14-20-23	10854140	9355184	9353756
2016-08-17-14-20-24	10854140	9355184	9353756
2016-08-17-14-20-25	10854140	9355184	9353756
2016-08-17-14-20-26	10854140	9355184	9353756
2016-08-17-14-20-27	10854140	9355184	9353756
2016-08-17-14-20-28	10854140	9355184	9353756
2016-08-17-14-20-30	10854140	9355184	9353756
2016-08-17-14-20-31	10854140	9355184	9353756
2016-08-17-14-20-32	10854140	9355184	9353756
2016-08-17-14-20-33	10854140	9355184	9353756
2016-08-17-14-20-34	10854140	9355184	9353756
2016-08-17-14-20-35	10854140	9355184	9353756
2016-08-17-14-20-36	10854140	9355184	9353756
2016-08-17-14-20-37	10854140	9355184	9353756
2016-08-17-14-20-38	10854140	9355184	9353756
2016-08-17-14-20-39	10854140	9355184	9353756
2016-08-17-14-20-40	10854140	9355184	9353756
2016-08-17-14-20-41	10854140	9355184	9353756
2016-08-17-14-20-42	10854140	9355184	9353756
2016-08-17-14-20-43	10854140	9355184	9353756
2016-08-17-14-20-44	10854140	9355184	9353756
2016-08-17-14-20-45	10854140	9355184	9353756
2016-08-17-14-20-47	10854140	9355184	9353756
2016-08-17-14-20-48	10854140	9355184	9353756
2016-08-17-14-20-49	10854140	9355184	9353756
2016-08-17-14-20-50	10854140	9355184	9353756
2016-08-17-14-20-51	10854140	9355184	9353756
2016-08-17-14-20-53	10854140	9355184	9353756
2016-08-17-14-20-54	10854140	9355184	9353756
2016-08-17-14-20-55	10854140	9355184	9353756
2016-08-17-14-20-56	10854140	9355184	9353756
2016-08-17-14-20-57	10854140	9355184	9353756
2016-08-17-14-20-58	10854140	9355184	9353756
2016-08-17-14-20-59	10854140	9355184	9353756
2016-08-17-14-21-00	10854140	9355184	9353756
2016-08-17-14-21-01	10854140	9355184	9353756
2016-08-17-14-21-02	10854140	9355184	9353756
2016-08-17-14-21-03	10854140	9355184	9353756
2016-08-17-14-21-05	10854140	9355184	9353756
2016-08-17-14-21-06	10854140	9355184	9353756
2016-08-17-14-21-07	10854140	9355184	9353756
2016-08-17-14-21-08	10854140	9355184	9353756
2016-08-17-14-21-09	10854140	9355184	9353756
2016-08-17-14-21-10	10854140	9355184	9353756
2016-08-17-14-21-11	10854140	9355184	9353756
2016-08-17-14-21-12	10854140	9355184	9353756
2016-08-17-14-21-13	10854140	9355184	9353756
2016-08-17-14-21-14	10854140	9355184	9353756
2016-08-17-14-21-15	10854140	9355184	9353756
2016-08-17-14-21-16	10854140	9355184	9353756
2016-08-17-14-21-17	10854140	9355184	9353756
2016-08-17-14-21-18	10854140	9355184	9353756
2016-08-17-14-21-19	10854140	9355184	9353756
2016-08-17-14-21-20	10854140	9355184	9353756
2016-08-17-14-21-21	10854140	9355184	9353756
2016-08-17-14-21-22	10854140	9355184	9353756
2016-08-17-14-21-23	10854140	9355184	9353756
2016-08-17-14-21-25	10854140	9355184	9353756
2016-08-17-14-21-26	10854140	9355184	9353756
2016-08-17-14-21-27	10854140	9355184	9353756
2016-08-17-14-21-28	10854140	9355184	9353756
2016-08-17-14-21-29	10854140	9355184	9353756
2016-08-17-14-21-30	10854140	9355184	9353756
2016-08-17-14-21-31	10854140	9355184	9353756
2016-08-17-14-21-32	10854140	9355184	9353756
2016-08-17-14-21-33	10854140	9355184	9353756
2016-08-17-14-21-34	10854140	9355184	9353756
2016-08-17-14-21-35	10854140	9355184	9353756
2016-08-17-14-21-36	10854140	9355184	9353756
2016-08-17-14-21-37	10854140	9355184	9353756
2016-08-17-14-21-38	10856384	9357540	9356112
2016-08-17-14-21-39	10967000	9468156	9466728
2016-08-17-14-21-40	11185460	9686616	9685188
2016-08-17-14-21-41	11415932	9917088	9915660
2016-08-17-14-21-42	11384716	9923300	9921868
2016-08-17-14-21-43	11253644	9884564	9883132
2016-08-17-14-21-44	11253644	9873296	9871864
2016-08-17-14-21-45	11188108	9844056	9842624
2016-08-17-14-21-46	11188108	9827304	9825872
2016-08-17-14-21-47	11188108	9797216	9795784
2016-08-17-14-21-49	11122572	9749484	9748052
2016-08-17-14-21-50	11057036	9714916	9713484
2016-08-17-14-21-51	11057036	9678124	9676692
2016-08-17-14-21-52	11057036	9648968	9647536
2016-08-17-14-21-53	10925964	9588300	9586868
2016-08-17-14-21-54	10925964	9574892	9573460
2016-08-17-14-21-55	10860428	9539080	9537648
2016-08-17-14-21-56	8609512	7288168	7286732
2016-08-17-14-21-57	8770748	7288508	7287072
2016-08-17-14-21-58	8770748	7447452	7446016
2016-08-17-14-21-59	8931984	7610644	7609204
2016-08-17-14-22-00	8609512	7288172	7286732
2016-08-17-14-22-01	8771784	7450444	7449004
2016-08-17-14-22-02	8774228	7392480	7391040
2016-08-17-14-22-03	8774228	7452888	7451448
2016-08-17-14-22-04	8608320	7286984	7285540
2016-08-17-14-22-05	8608352	7287016	7285572
2016-08-17-14-22-06	8608352	7287016	7285572
2016-08-17-14-22-07	8608352	7287016	7285572
2016-08-17-14-22-08	8608352	7287016	7285572
2016-08-17-14-22-10	8608320	7286984	7285540
2016-08-17-14-22-11	8608352	7287016	7285572
2016-08-17-14-22-12	8608352	7287016	7285572
2016-08-17-14-22-13	8608352	7287016	7285572
2016-08-17-14-22-14	8608352	7287016	7285572
2016-08-17-14-22-15	8608320	7286984	7285540
2016-08-17-14-22-16	8446048	7124712	7123268
2016-08-17-14-22-17	8284844	6963508	6962064
2016-08-17-14-22-18	8284844	6963508	6962064
2016-08-17-14-22-19	8284844	6963508	6962064
2016-08-17-14-22-20	8284844	6963508	6962064
2016-08-17-14-22-21	8284844	6963508	6962064
2016-08-17-14-22-22	8284844	6963508	6962064
2016-08-17-14-22-23	8284844	6963508	6962064
2016-08-17-14-22-24	8284844	6963508	6962064
2016-08-17-14-22-25	8284844	6963508	6962064
2016-08-17-14-22-26	8284812	6963476	6962032
2016-08-17-14-22-27	0	0	0
2016-08-17-14-22-28			
2016-08-17-14-22-29			
2016-08-17-14-22-30			
2016-08-17-14-22-31			
2016-08-17-14-22-32			
2016-08-17-14-22-33			
2016-08-17-14-22-34			
2016-08-17-14-22-35			
2016-08-17-14-22-36			
2016-08-17-14-22-38			
2016-08-17-14-22-39			
2016-08-17-14-22-40			
2016-08-17-14-22-41			
2016-08-17-14-22-42			
2016-08-17-14-22-43			
2016-08-17-14-22-44			
2016-08-17-14-22-45			
2016-08-17-14-22-46			
2016-08-17-14-22-47			
2016-08-17-14-22-48			
2016-08-17-14-22-49			
2016-08-17-14-22-50			
2016-08-17-14-22-51			
2016-08-17-14-22-52			
2016-08-17-14-22-53			
2016-08-17-14-22-54			
2016-08-17-14-22-55			
2016-08-17-14-22-56			
2016-08-17-14-22-57			
2016-08-17-14-22-58			
2016-08-17-14-22-59			
2016-08-17-14-23-00			
2016-08-17-14-23-01			
2016-08-17-14-23-02			
2016-08-17-14-23-03			
2016-08-17-14-23-04			
2016-08-17-14-23-05			
2016-08-17-14-23-06			
2016-08-17-14-23-07			
2016-08-17-14-23-08			
2016-08-17-14-23-09			
2016-08-17-14-23-10			
2016-08-17-14-23-11			
2016-08-17-14-23-12			
2016-08-17-14-23-13			
2016-08-17-14-23-14			
2016-08-17-14-23-15			
2016-08-17-14-23-16			
2016-08-17-14-23-17			
2016-08-17-14-23-18			
2016-08-17-14-23-19			
2016-08-17-14-23-20			
2016-08-17-14-23-21			
2016-08-17-14-23-22			
2016-08-17-14-23-23			
2016-08-17-14-23-24			
2016-08-17-14-23-25			
2016-08-17-14-23-26			
2016-08-17-14-23-27			
2016-08-17-14-23-28			
2016-08-17-14-23-29			
2016-08-17-14-23-30			
2016-08-17-14-23-31			
2016-08-17-14-23-32			
2016-08-17-14-23-33			
2016-08-17-14-23-34			
2016-08-17-14-23-35			
2016-08-17-14-23-36			
2016-08-17-14-23-37			
2016-08-17-14-23-38			
2016-08-17-14-23-39			
2016-08-17-14-23-40			
2016-08-17-14-23-41			
2016-08-17-14-23-43			
2016-08-17-14-23-44			
2016-08-17-14-23-45			
2016-08-17-14-23-46			
2016-08-17-14-23-47			
2016-08-17-14-23-48			
2016-08-17-14-23-49			
2016-08-17-14-23-50			
2016-08-17-14-23-51			
2016-08-17-14-23-52			
2016-08-17-14-23-53			
2016-08-17-14-23-54			
2016-08-17-14-23-55			
2016-08-17-14-23-56			
2016-08-17-14-23-57			
2016-08-17-14-23-58			
2016-08-17-14-23-59			
2016-08-17-14-24-00			
2016-08-17-14-24-01			
2016-08-17-14-24-02			
2016-08-17-14-24-03			
2016-08-17-14-24-04			
2016-08-17-14-24-05			
2016-08-17-14-24-06			
2016-08-17-14-24-07			
2016-08-17-14-24-08			
2016-08-17-14-24-09			
2016-08-17-14-24-10			
2016-08-17-14-24-11			
2016-08-17-14-24-12			
2016-08-17-14-24-13			
2016-08-17-14-24-14			
2016-08-17-14-24-15			
2016-08-17-14-24-16			
2016-08-17-14-24-17			
2016-08-17-14-24-18			
2016-08-17-14-24-19			
2016-08-17-14-24-20			
2016-08-17-14-24-21			
2016-08-17-14-24-22			
2016-08-17-14-24-23			
2016-08-17-14-24-24			
2016-08-17-14-24-25			
2016-08-17-14-24-26			
2016-08-17-14-24-27			
2016-08-17-14-24-28			
2016-08-17-14-24-29			
2016-08-17-14-24-30			
2016-08-17-14-24-31			
2016-08-17-14-24-32			
2016-08-17-14-24-33			
2016-08-17-14-24-34			
2016-08-17-14-24-35			
2016-08-17-14-24-36			
2016-08-17-14-24-37			
2016-08-17-14-24-38			
2016-08-17-14-24-39			
2016-08-17-14-24-40			
2016-08-17-14-24-41			
2016-08-17-14-24-42			
2016-08-17-14-24-43			
2016-08-17-14-24-44			
2016-08-17-14-24-45			
2016-08-17-14-24-46			
2016-08-17-14-24-47			
2016-08-17-14-24-49			
2016-08-17-14-24-50			
2016-08-17-14-24-51			
2016-08-17-14-24-52			
2016-08-17-14-24-53			
2016-08-17-14-24-54			
2016-08-17-14-24-55			
2016-08-17-14-24-56			
2016-08-17-14-24-57			
2016-08-17-14-24-58			
2016-08-17-14-24-59			
2016-08-17-14-25-00			
2016-08-17-14-25-01			
2016-08-17-14-25-02			
2016-08-17-14-25-03			
2016-08-17-14-25-04			
2016-08-17-14-25-05			
2016-08-17-14-25-06			
2016-08-17-14-25-07			
2016-08-17-14-25-08			
2016-08-17-14-25-09			
2016-08-17-14-25-10			
2016-08-17-14-25-11			
2016-08-17-14-25-12			
2016-08-17-14-25-13			
2016-08-17-14-25-14			
2016-08-17-14-25-15			
2016-08-17-14-25-16			
2016-08-17-14-25-17			
2016-08-17-14-25-18			
2016-08-17-14-25-19			
2016-08-17-14-25-20			
2016-08-17-14-25-21			
2016-08-17-14-25-22			
2016-08-17-14-25-23			
2016-08-17-14-25-24			
2016-08-17-14-25-25			
2016-08-17-14-25-26			
2016-08-17-14-25-27			
2016-08-17-14-25-28			
2016-08-17-14-25-29			
2016-08-17-14-25-30			
2016-08-17-14-25-31			
2016-08-17-14-25-32			
2016-08-17-14-25-33			
2016-08-17-14-25-34			
2016-08-17-14-25-35			
2016-08-17-14-25-36			
2016-08-17-14-25-37			
2016-08-17-14-25-38			
2016-08-17-14-25-39			
2016-08-17-14-25-40			
2016-08-17-14-25-41			
2016-08-17-14-25-42			
2016-08-17-14-25-43			
2016-08-17-14-25-44			
2016-08-17-14-25-45			
2016-08-17-14-25-46			
2016-08-17-14-25-47			
2016-08-17-14-25-48			
2016-08-17-14-25-49			
2016-08-17-14-25-50			
2016-08-17-14-25-51			
2016-08-17-14-25-52			
2016-08-17-14-25-54			
2016-08-17-14-25-55			
2016-08-17-14-25-56			
2016-08-17-14-25-57			
2016-08-17-14-25-58			
2016-08-17-14-25-59			
2016-08-17-14-26-00			
2016-08-17-14-26-01			
2016-08-17-14-26-02			
2016-08-17-14-26-03			
2016-08-17-14-26-04			
2016-08-17-14-26-05			
2016-08-17-14-26-06			
2016-08-17-14-26-07			
2016-08-17-14-26-08			
2016-08-17-14-26-09			
2016-08-17-14-26-10			
2016-08-17-14-26-11			
2016-08-17-14-26-12			
2016-08-17-14-26-13			
2016-08-17-14-26-14			
2016-08-17-14-26-15			
2016-08-17-14-26-16			
2016-08-17-14-26-17			
2016-08-17-14-26-18			
2016-08-17-14-26-19			
2016-08-17-14-26-20			
2016-08-17-14-26-21			
2016-08-17-14-26-22			
2016-08-17-14-26-23			
2016-08-17-14-26-24			
2016-08-17-14-26-25			
2016-08-17-14-26-26			
2016-08-17-14-26-27			
2016-08-17-14-26-28			
2016-08-17-14-26-29			
2016-08-17-14-26-30			
2016-08-17-14-26-31			
2016-08-17-14-26-32			
2016-08-17-14-26-33			
2016-08-17-14-26-34			
2016-08-17-14-26-35			
2016-08-17-14-26-36			
2016-08-17-14-26-37			
2016-08-17-14-26-38			
2016-08-17-14-26-39			
2016-08-17-14-26-40			
2016-08-17-14-26-41			
2016-08-17-14-26-42			
2016-08-17-14-26-43			
2016-08-17-14-26-44			
2016-08-17-14-26-45			
2016-08-17-14-26-46			
2016-08-17-14-26-47			
2016-08-17-14-26-48			
2016-08-17-14-26-49			
2016-08-17-14-26-50			
2016-08-17-14-26-51			
2016-08-17-14-26-52			
2016-08-17-14-26-53			
2016-08-17-14-26-54			
2016-08-17-14-26-55			
2016-08-17-14-26-56			
2016-08-17-14-26-58			
2016-08-17-14-26-59			
2016-08-17-14-27-00			
2016-08-17-14-27-01			
2016-08-17-14-27-02			
2016-08-17-14-27-03			
2016-08-17-14-27-04			
2016-08-17-14-27-05			
2016-08-17-14-27-06			
2016-08-17-14-27-07			
2016-08-17-14-27-08			
2016-08-17-14-27-09			
2016-08-17-14-27-10			
2016-08-17-14-27-11			
2016-08-17-14-27-12			
2016-08-17-14-27-13			
2016-08-17-14-27-14			
2016-08-17-14-27-15			
2016-08-17-14-27-16			
2016-08-17-14-27-17			
2016-08-17-14-27-18			
2016-08-17-14-27-19			
2016-08-17-14-27-20			
2016-08-17-14-27-21			
2016-08-17-14-27-22			
2016-08-17-14-27-23			
2016-08-17-14-27-24			
2016-08-17-14-27-25			
2016-08-17-14-27-26			
2016-08-17-14-27-27			
2016-08-17-14-27-28			
2016-08-17-14-27-29			
2016-08-17-14-27-30			
2016-08-17-14-27-31			
2016-08-17-14-27-32			
2016-08-17-14-27-33			
2016-08-17-14-27-34			
2016-08-17-14-27-35			
2016-08-17-14-27-36			
2016-08-17-14-27-37			
2016-08-17-14-27-38			
2016-08-17-14-27-39			
2016-08-17-14-27-40			
2016-08-17-14-27-41			
2016-08-17-14-27-42			
2016-08-17-14-27-43			
2016-08-17-14-27-44			
2016-08-17-14-27-45			
2016-08-17-14-27-46			
2016-08-17-14-27-47			
2016-08-17-14-27-48			
2016-08-17-14-27-49			
2016-08-17-14-27-50			
2016-08-17-14-27-51			
2016-08-17-14-27-52			
2016-08-17-14-27-53			
2016-08-17-14-27-54			
2016-08-17-14-27-55			
2016-08-17-14-27-56			
2016-08-17-14-27-57			
2016-08-17-14-27-58			
2016-08-17-14-27-59			
2016-08-17-14-28-00			
2016-08-17-14-28-01			
2016-08-17-14-28-02			
2016-08-17-14-28-03			
2016-08-17-14-28-05			
2016-08-17-14-28-06			
2016-08-17-14-28-07			
2016-08-17-14-28-08			
2016-08-17-14-28-09			
2016-08-17-14-28-10			
2016-08-17-14-28-11			
2016-08-17-14-28-12			
2016-08-17-14-28-13			
2016-08-17-14-28-14			
2016-08-17-14-28-15			
2016-08-17-14-28-16			
2016-08-17-14-28-17			
2016-08-17-14-28-18			
2016-08-17-14-28-19			
2016-08-17-14-28-20			
2016-08-17-14-28-21			
2016-08-17-14-28-22			
2016-08-17-14-28-23			
2016-08-17-14-28-24			
2016-08-17-14-28-25			
2016-08-17-14-28-26			
2016-08-17-14-28-27			
2016-08-17-14-28-28			
2016-08-17-14-28-29			
2016-08-17-14-28-30			
2016-08-17-14-28-31			
2016-08-17-14-28-32			
2016-08-17-14-28-33			
2016-08-17-14-28-34			
2016-08-17-14-28-35			
2016-08-17-14-28-36			
2016-08-17-14-28-37			
2016-08-17-14-28-38			
2016-08-17-14-28-39			
2016-08-17-14-28-40			
2016-08-17-14-28-41			
2016-08-17-14-28-42			
2016-08-17-14-28-43			
2016-08-17-14-28-44			
2016-08-17-14-28-45			
2016-08-17-14-28-46			
2016-08-17-14-28-47			
2016-08-17-14-28-48			
2016-08-17-14-28-49			
2016-08-17-14-28-50			
2016-08-17-14-28-51			
2016-08-17-14-28-52			
2016-08-17-14-28-53			
2016-08-17-14-28-54			
2016-08-17-14-28-55			
2016-08-17-14-28-56			
2016-08-17-14-28-57			
2016-08-17-14-28-58			
2016-08-17-14-28-59			
2016-08-17-14-29-00			
2016-08-17-14-29-01			
2016-08-17-14-29-02			
2016-08-17-14-29-03			
2016-08-17-14-29-04			
2016-08-17-14-29-05			
2016-08-17-14-29-06			
2016-08-17-14-29-07			
2016-08-17-14-29-08			
2016-08-17-14-29-09			
2016-08-17-14-29-10			
2016-08-17-14-29-11			
2016-08-17-14-29-13			
2016-08-17-14-29-14			
2016-08-17-14-29-15			
2016-08-17-14-29-16			
2016-08-17-14-29-17			
2016-08-17-14-29-18			
2016-08-17-14-29-19			
2016-08-17-14-29-20			
2016-08-17-14-29-21			
2016-08-17-14-29-22			
2016-08-17-14-29-23			
2016-08-17-14-29-24			
2016-08-17-14-29-25			
2016-08-17-14-29-26			
2016-08-17-14-29-27			
2016-08-17-14-29-28			
2016-08-17-14-29-29			
2016-08-17-14-29-30			
2016-08-17-14-29-31			
2016-08-17-14-29-32			
2016-08-17-14-29-33			
2016-08-17-14-29-34			
2016-08-17-14-29-35			
2016-08-17-14-29-36			
2016-08-17-14-29-37			
2016-08-17-14-29-38			
2016-08-17-14-29-39			
2016-08-17-14-29-40			
2016-08-17-14-29-41			
2016-08-17-14-29-42			
2016-08-17-14-29-43			
2016-08-17-14-29-44			
2016-08-17-14-29-45			
2016-08-17-14-29-46			
2016-08-17-14-29-47			
2016-08-17-14-29-48			
2016-08-17-14-29-49			
2016-08-17-14-29-50			
2016-08-17-14-29-51			
2016-08-17-14-29-52			
2016-08-17-14-29-53			
2016-08-17-14-29-54			
2016-08-17-14-29-55			
2016-08-17-14-29-56			
2016-08-17-14-29-57			
2016-08-17-14-29-58			
2016-08-17-14-29-59			
2016-08-17-14-30-00			
2016-08-17-14-30-01			
2016-08-17-14-30-02			
2016-08-17-14-30-03			
2016-08-17-14-30-04			
2016-08-17-14-30-05			
2016-08-17-14-30-06			
2016-08-17-14-30-07			
2016-08-17-14-30-08			
2016-08-17-14-30-09			
2016-08-17-14-30-10			
2016-08-17-14-30-11			
2016-08-17-14-30-12			
2016-08-17-14-30-13			
2016-08-17-14-30-14			
2016-08-17-14-30-15			
2016-08-17-14-30-16			
2016-08-17-14-30-17			
2016-08-17-14-30-19			
2016-08-17-14-30-20			
2016-08-17-14-30-21			
2016-08-17-14-30-22			
2016-08-17-14-30-23			
2016-08-17-14-30-24			
2016-08-17-14-30-25			
2016-08-17-14-30-26			
2016-08-17-14-30-27			
2016-08-17-14-30-28			
2016-08-17-14-30-29			
2016-08-17-14-30-30			
2016-08-17-14-30-31			
2016-08-17-14-30-32			
2016-08-17-14-30-33			
2016-08-17-14-30-34			
2016-08-17-14-30-35			
2016-08-17-14-30-36			
2016-08-17-14-30-37			
2016-08-17-14-30-38			
2016-08-17-14-30-39			
2016-08-17-14-30-40			
2016-08-17-14-30-41			
2016-08-17-14-30-42			
2016-08-17-14-30-43			
2016-08-17-14-30-44			
2016-08-17-14-30-45			
2016-08-17-14-30-46			
2016-08-17-14-30-47			
2016-08-17-14-30-48			
2016-08-17-14-30-49			
2016-08-17-14-30-50			
2016-08-17-14-30-51			
2016-08-17-14-30-52			
2016-08-17-14-30-53			
2016-08-17-14-30-54			
2016-08-17-14-30-55			
2016-08-17-14-30-56			
2016-08-17-14-30-57			
2016-08-17-14-30-58			
2016-08-17-14-30-59			
2016-08-17-14-31-00			
2016-08-17-14-31-01			
2016-08-17-14-31-02			
2016-08-17-14-31-03			
2016-08-17-14-31-04			
2016-08-17-14-31-05			
2016-08-17-14-31-06			
2016-08-17-14-31-07			
2016-08-17-14-31-08			
2016-08-17-14-31-09			
2016-08-17-14-31-10			
2016-08-17-14-31-11			
2016-08-17-14-31-12			
2016-08-17-14-31-13			
2016-08-17-14-31-14			
2016-08-17-14-31-15			
2016-08-17-14-31-16			
2016-08-17-14-31-17			
2016-08-17-14-31-18			
2016-08-17-14-31-19			
2016-08-17-14-31-20			
2016-08-17-14-31-21			
2016-08-17-14-31-22			
2016-08-17-14-31-23			
2016-08-17-14-31-24			
2016-08-17-14-31-25			
2016-08-17-14-31-27			
2016-08-17-14-31-28			
2016-08-17-14-31-29			
2016-08-17-14-31-30			
2016-08-17-14-31-31			
2016-08-17-14-31-32			
2016-08-17-14-31-33			
2016-08-17-14-31-34			
2016-08-17-14-31-35			
2016-08-17-14-31-36			
2016-08-17-14-31-37			
2016-08-17-14-31-38			
2016-08-17-14-31-39			
2016-08-17-14-31-40			
2016-08-17-14-31-41			
2016-08-17-14-31-42			
2016-08-17-14-31-43			
2016-08-17-14-31-44			
2016-08-17-14-31-45			
2016-08-17-14-31-46			
2016-08-17-14-31-47			
2016-08-17-14-31-48			
2016-08-17-14-31-49			
2016-08-17-14-31-50			
2016-08-17-14-31-51			
2016-08-17-14-31-52			
2016-08-17-14-31-53			
2016-08-17-14-31-54			
2016-08-17-14-31-55			
2016-08-17-14-31-56			
2016-08-17-14-31-57			
2016-08-17-14-31-58			
2016-08-17-14-31-59			
2016-08-17-14-32-00			
2016-08-17-14-32-01			
2016-08-17-14-32-02			
2016-08-17-14-32-03			
2016-08-17-14-32-04			
2016-08-17-14-32-05			
2016-08-17-14-32-06			
2016-08-17-14-32-07			
2016-08-17-14-32-08			
2016-08-17-14-32-09			
2016-08-17-14-32-10			
2016-08-17-14-32-11			
2016-08-17-14-32-12			
2016-08-17-14-32-13			
2016-08-17-14-32-14			
2016-08-17-14-32-15			
2016-08-17-14-32-16			
2016-08-17-14-32-17			
2016-08-17-14-32-18			
2016-08-17-14-32-19			
2016-08-17-14-32-20			
2016-08-17-14-32-21			
2016-08-17-14-32-22			
2016-08-17-14-32-23			
2016-08-17-14-32-24			
2016-08-17-14-32-25			
2016-08-17-14-32-26			
2016-08-17-14-32-27			
2016-08-17-14-32-28			
2016-08-17-14-32-29			
2016-08-17-14-32-30			
2016-08-17-14-32-31			
2016-08-17-14-32-32			
2016-08-17-14-32-34			
2016-08-17-14-32-35			
2016-08-17-14-32-36			
2016-08-17-14-32-37			
2016-08-17-14-32-38			
2016-08-17-14-32-39			
2016-08-17-14-32-40			
2016-08-17-14-32-41			
2016-08-17-14-32-42			
2016-08-17-14-32-43			
2016-08-17-14-32-44			
2016-08-17-14-32-45			
2016-08-17-14-32-46			
2016-08-17-14-32-47			
2016-08-17-14-32-48			
2016-08-17-14-32-49			
2016-08-17-14-32-50			
2016-08-17-14-32-51			
2016-08-17-14-32-52			
2016-08-17-14-32-53			
2016-08-17-14-32-54			
2016-08-17-14-32-55			
2016-08-17-14-32-56			
2016-08-17-14-32-57			
2016-08-17-14-32-58			
2016-08-17-14-32-59			
2016-08-17-14-33-00			
2016-08-17-14-33-01			
2016-08-17-14-33-02			
2016-08-17-14-33-03			
2016-08-17-14-33-04			
2016-08-17-14-33-05			
2016-08-17-14-33-06			
2016-08-17-14-33-07			
2016-08-17-14-33-08			
2016-08-17-14-33-09			
2016-08-17-14-33-10			
2016-08-17-14-33-11			
2016-08-17-14-33-12			
2016-08-17-14-33-13			
2016-08-17-14-33-14			
2016-08-17-14-33-15			
2016-08-17-14-33-16			
2016-08-17-14-33-17			
2016-08-17-14-33-18			
2016-08-17-14-33-19			
2016-08-17-14-33-20			
2016-08-17-14-33-21			
2016-08-17-14-33-22			
2016-08-17-14-33-23			
2016-08-17-14-33-24			
2016-08-17-14-33-25			
2016-08-17-14-33-26			
2016-08-17-14-33-27			
2016-08-17-14-33-28			
2016-08-17-14-33-29			
2016-08-17-14-33-30			
2016-08-17-14-33-31			
2016-08-17-14-33-32			
2016-08-17-14-33-33			
2016-08-17-14-33-34			
2016-08-17-14-33-35			
2016-08-17-14-33-36			
2016-08-17-14-33-37			
2016-08-17-14-33-38			
2016-08-17-14-33-39			
2016-08-17-14-33-40			
2016-08-17-14-33-42			
2016-08-17-14-33-43			
2016-08-17-14-33-44			
2016-08-17-14-33-45			
2016-08-17-14-33-46			
2016-08-17-14-33-47			
2016-08-17-14-33-48			
2016-08-17-14-33-49			
2016-08-17-14-33-50			
2016-08-17-14-33-51			
2016-08-17-14-33-52			
2016-08-17-14-33-53			
2016-08-17-14-33-54			
2016-08-17-14-33-55			
2016-08-17-14-33-56			
2016-08-17-14-33-57			
2016-08-17-14-33-58			
2016-08-17-14-33-59			
2016-08-17-14-34-00			
2016-08-17-14-34-01			
2016-08-17-14-34-02			
2016-08-17-14-34-03			
2016-08-17-14-34-04			
2016-08-17-14-34-05			
2016-08-17-14-34-06			
2016-08-17-14-34-07			
2016-08-17-14-34-08			
2016-08-17-14-34-09			
2016-08-17-14-34-10			
2016-08-17-14-34-11			
2016-08-17-14-34-12			
2016-08-17-14-34-13			
2016-08-17-14-34-14			
2016-08-17-14-34-15			
2016-08-17-14-34-16			
2016-08-17-14-34-17			
2016-08-17-14-34-18			
2016-08-17-14-34-19			
2016-08-17-14-34-20			
2016-08-17-14-34-21			
2016-08-17-14-34-22			
2016-08-17-14-34-23			
2016-08-17-14-34-24			
2016-08-17-14-34-25			
2016-08-17-14-34-26			
2016-08-17-14-34-27			
2016-08-17-14-34-28			
2016-08-17-14-34-29			
2016-08-17-14-34-30			
2016-08-17-14-34-31			
2016-08-17-14-34-32			
2016-08-17-14-34-33			
2016-08-17-14-34-34			
2016-08-17-14-34-35			
2016-08-17-14-34-36			
2016-08-17-14-34-37			
2016-08-17-14-34-38			
2016-08-17-14-34-39			
2016-08-17-14-34-40			
2016-08-17-14-34-41			
2016-08-17-14-34-42			
2016-08-17-14-34-43			
2016-08-17-14-34-44			
2016-08-17-14-34-45			
2016-08-17-14-34-46			
2016-08-17-14-34-47			
2016-08-17-14-34-49			
2016-08-17-14-34-50			
2016-08-17-14-34-51			
2016-08-17-14-34-52			
2016-08-17-14-34-53			
2016-08-17-14-34-54			
2016-08-17-14-34-55			
2016-08-17-14-34-56			
2016-08-17-14-34-57			
2016-08-17-14-34-58			
2016-08-17-14-34-59			
2016-08-17-14-35-00			
2016-08-17-14-35-01			
2016-08-17-14-35-02			
2016-08-17-14-35-03			
2016-08-17-14-35-04			
2016-08-17-14-35-05			
2016-08-17-14-35-06			
2016-08-17-14-35-07			
2016-08-17-14-35-08			
2016-08-17-14-35-09			
2016-08-17-14-35-10			
2016-08-17-14-35-11			
2016-08-17-14-35-12			
2016-08-17-14-35-13			
2016-08-17-14-35-14			
2016-08-17-14-35-15			
2016-08-17-14-35-16			
2016-08-17-14-35-17			
2016-08-17-14-35-18			
2016-08-17-14-35-19			
2016-08-17-14-35-20			
2016-08-17-14-35-21			
2016-08-17-14-35-22			
2016-08-17-14-35-23			
2016-08-17-14-35-24			
2016-08-17-14-35-25			
2016-08-17-14-35-26			
2016-08-17-14-35-27			
2016-08-17-14-35-28			
2016-08-17-14-35-29			
2016-08-17-14-35-30			
